100.0 50.0 15 3 2
   0     30.0    40.0	  0.0     0
   1     37.0    52.0    10.0     1
   2     49.0    49.0    10.0     0
   3     52.0    64.0    15.0     1
   4     20.0    26.0    40.0     0
   5     40.0    30.0    20.0     0
   6     21.0    47.0    30.0     0
   7     17.0    63.0    10.0     0
   8     31.0    62.0    15.0     0
   9     52.0    33.0    10.0     1
  10     51.0    21.0    10.0     1
  11     42.0    41.0    10.0     1
  12     31.0    32.0    15.0     0
  13      5.0    25.0    30.0     0
  14     12.0    42.0    20.0     0
  15     36.0    16.0    20.0     0
  EOF