 
------------------------------------------
DISTANCIA: Euclidean
HEURÍSTICA DE CONSTRUCCIÓN: FisherJaikumar
COSTO TOTAL: 5928.13
TOTAL DE RUTAS: 26
TIEMPO DE EJECUCIÓN: 0.4862682819366455
 
R1[85]
R2[118, 13, 191, 43, 139, 37]
R3[100, 69, 161, 121, 30]
R4[27, 26, 68, 166, 110, 131, 145, 175]
R5[192, 99, 97, 92, 84, 190, 60, 15, 90, 140]
R6[153, 151, 39, 170, 25, 137, 104, 52, 179, 57, 20, 72]
R7[134, 102, 80, 163, 50, 70, 135, 34, 160, 64, 65, 8, 187, 119]
R8[196, 3, 154, 186, 185, 21, 109, 55, 132, 71, 73, 74, 38, 138]
R9[172, 112, 16]
R10[159, 127, 29, 19]
R11[178, 53, 194, 108, 197, 148]
R12[198, 4, 59, 44, 117, 17, 83, 113, 124, 165, 82]
R13[28, 77, 33, 78, 128, 168, 120]
R14[174, 188, 9, 10, 62, 106, 89, 107, 125]
R15[171, 56, 41, 40, 42, 14, 144, 141]
R16[31, 130, 180]
R17[167, 18, 7, 47, 46, 173, 123, 122, 45, 81]
R18[142, 63, 35, 48]
R19[1, 150, 86, 91, 96, 114, 143, 116, 136, 36, 177]
R20[54, 24, 164, 129]
R21[156, 101, 32, 184, 49, 75]
R22[133, 162, 23]
R23[111, 155, 146, 182, 5, 98, 95, 94, 93, 58, 199, 12, 88, 103]
R24[147, 6, 193, 189, 126, 51, 87, 105, 152, 158, 61, 181]
R25[22, 66, 169]
R26[183, 2, 67, 149, 76, 176, 157, 79, 115, 11, 195]
------------------------------------------
