 
------------------------------------------
DISTANCIA: Euclidean
HEURÍSTICA DE CONSTRUCCIÓN: FisherJaikumar
COSTO TOTAL: 2617.0
TOTAL DE RUTAS: 14
TIEMPO DE EJECUCIÓN: 0.06648898124694824
 
R1[63, 41, 22, 40, 42, 55]
R2[36, 4, 69]
R3[74, 5, 67, 1, 29]
R4[9, 65, 30, 37, 57, 64, 10]
R5[32, 50, 23, 62, 15, 72, 48]
R6[26, 33, 51]
R7[73, 46, 35, 59, 20, 47, 68, 70]
R8[8, 17, 24, 31, 49, 54, 71, 38]
R9[6, 52, 45, 13, 58, 53, 34, 18, 7]
R10[2, 16, 39, 43, 11]
R11[3, 25, 66, 75]
R12[12, 14, 56, 19]
R13[28, 44]
R14[21, 60, 27, 61]
------------------------------------------
