 
------------------------------------------
DISTANCIA: Euclidean
HEURÍSTICA DE CONSTRUCCIÓN: FisherJaikumar
COSTO TOTAL: 2572.43
TOTAL DE RUTAS: 11
TIEMPO DE EJECUCIÓN: 0.30342888832092285
 
R1[75, 72, 68, 67, 69, 70, 66, 76]
R2[7, 13, 12, 11, 10, 9, 6, 5, 3, 2, 4, 1, 8, 14]
R3[56, 59, 62, 57]
R4[88, 82, 113, 83, 114, 108, 109, 115, 116, 107, 97, 96, 93, 92, 89, 90, 112, 17, 117]
R5[60, 63, 61, 64, 65]
R6[18, 15, 16, 19, 23, 20, 21, 32, 25, 22, 33, 35, 31, 24, 27, 30, 28, 34, 29, 26]
R7[58]
R8[73, 71, 77, 78, 79, 74]
R9[52, 53, 54, 51, 55]
R10[120, 87, 111, 86, 95, 106, 110, 118, 94, 105, 104, 103, 102, 101, 100, 99, 98, 91, 85, 84, 81, 80, 119]
R11[48, 41, 44, 49, 47, 46, 42, 39, 38, 37, 45, 43, 40, 36, 50]
------------------------------------------
