 
------------------------------------------
DISTANCIA: Euclidean
HEURÍSTICA DE CONSTRUCCIÓN: NearestNeighborWithRLC
COSTO TOTAL: 16243.1
TOTAL DE RUTAS: 48
TIEMPO DE EJECUCIÓN: 2.776327133178711
 
R1[42, 107, 63, 56]
R2[200, 1, 39, 198]
R3[199, 4, 17, 53, 149]
R4[179, 137, 183]
R5[197, 175, 196, 162, 74, 111]
R6[192, 154, 139, 138, 109]
R7[195, 158]
R8[194, 122, 110, 188, 59]
R9[155, 193, 67, 142, 123]
R10[190, 191, 100, 167, 99, 108]
R11[189]
R12[187, 15, 92]
R13[185, 2, 165, 117, 49]
R14[184, 90, 130, 28]
R15[173, 181, 34, 95]
R16[146, 176, 6, 76, 64, 136]
R17[182, 7, 140, 105, 52]
R18[178, 180, 172, 96, 87]
R19[3, 169, 89, 157]
R20[177, 102, 168, 61, 106, 121, 72]
R21[144, 160, 43, 9, 174]
R22[166, 163, 126, 81]
R23[170, 153, 77, 29]
R24[152, 68, 14, 145]
R25[5, 78, 24, 70, 51]
R26[147, 156, 151, 37]
R27[164, 161, 143, 128, 79]
R28[159, 135, 13, 16]
R29[131, 44, 150, 11, 33, 98]
R30[133, 148, 119, 141, 36, 132, 71]
R31[120, 134, 97, 69]
R32[118, 91, 127]
R33[116, 85, 112, 125]
R34[101, 48, 27, 129, 25, 94]
R35[73, 83, 124, 35, 186]
R36[62, 114, 80, 31, 115]
R37[45, 41, 47]
R38[30, 66, 84, 22]
R39[20, 104, 75, 40]
R40[93, 55, 58, 86, 46]
R41[113, 57, 103, 54]
R42[26, 18, 8]
R43[12, 38, 88]
R44[19, 50]
R45[60, 171, 10]
R46[82, 65]
R47[32, 23]
R48[21]
------------------------------------------
