 
------------------------------------------
DISTANCIA: Euclidean
HEURÍSTICA DE CONSTRUCCIÓN: RandomMethod
COSTO TOTAL: 14913.15
TOTAL DE RUTAS: 50
TIEMPO DE EJECUCIÓN: 0.42586255073547363
 
R1[98, 67, 17, 198, 56]
R2[161, 9, 1, 107, 63]
R3[89, 15, 92, 108, 149]
R4[79, 111]
R5[21, 188, 53, 183]
R6[150, 52, 49, 74]
R7[100, 179, 189, 59]
R8[133, 54, 138, 137, 123]
R9[147, 38, 157, 142, 158]
R10[110, 42, 39]
R11[102, 181, 34, 99, 109]
R12[32, 174, 105, 136, 162]
R13[151, 95]
R14[28]
R15[104, 195, 130, 117]
R16[43, 200, 81, 87]
R17[60, 143, 167, 64, 187]
R18[18, 96, 165]
R19[86, 2, 77, 140]
R20[20, 8, 25, 76, 72]
R21[197, 169, 51, 121]
R22[57, 85, 24, 16, 29]
R23[103, 83, 84, 7, 139]
R24[170, 135, 184, 145]
R25[82, 6, 94, 4]
R26[46, 97, 37, 90]
R27[80, 125, 71]
R28[164, 194, 61, 106]
R29[160, 112, 91, 172]
R30[146, 14]
R31[173, 176, 132, 33]
R32[186, 122]
R33[62, 126, 127, 70]
R34[199]
R35[19, 154, 168]
R36[114, 78, 40, 191, 68, 128]
R37[119, 31, 115, 69]
R38[134, 185, 153]
R39[47, 36]
R40[23, 163]
R41[178, 13, 141]
R42[196]
R43[171, 75, 11]
R44[50, 192, 22]
R45[3, 10, 193, 35]
R46[166, 58]
R47[120, 26, 182, 175, 124]
R48[113, 65, 156]
R49[159, 152]
R50[131, 118, 44, 129]
------------------------------------------
