 
------------------------------------------
DISTANCIA: Euclidean
HEURÍSTICA DE CONSTRUCCIÓN: SaveSequential
COSTO TOTAL: 6473.03
TOTAL DE RUTAS: 35
TIEMPO DE EJECUCIÓN: 51.57559633255005
 
R1[56, 63, 72, 4, 180, 84, 191, 125, 165, 188, 108]
R2[121, 60, 82, 46, 128, 106, 95, 158, 107]
R3[138, 8, 111, 142, 187, 157, 98, 186, 127, 98]
R4[149, 15, 23, 182, 163, 194, 145, 195, 52, 92, 123]
R5[132, 54, 88, 177, 7, 181, 117, 49, 183]
R6[53, 137, 185, 104, 161, 104]
R7[39, 1, 126, 35, 71, 9, 99]
R8[146, 19, 192, 75, 79, 29, 87, 42, 59]
R9[74, 141, 174, 136, 189]
R10[109, 162, 110, 77, 200, 51, 94]
R11[153, 170, 134, 156, 112, 168, 169, 89, 105, 28]
R12[155, 175, 2, 167, 34, 17]
R13[67, 43, 33, 36, 5, 10, 193, 36, 179]
R14[78, 90, 64]
R15[130, 69, 65, 115, 70, 139]
R16[100, 41, 85, 80, 31, 25, 172]
R17[122, 91, 86, 160, 47, 160]
R18[16, 27, 154, 24, 61]
R19[37, 58, 151, 14]
R20[176, 119, 166, 184, 199, 76]
R21[26, 40, 97]
R22[6, 73, 147, 124]
R23[30, 120, 196, 68]
R24[32, 171, 197, 66, 164, 129, 11]
R25[22, 3, 18]
R26[13, 101, 144, 135, 150]
R27[133, 50, 152]
R28[114, 159, 38, 102]
R29[173, 48, 21, 44]
R30[103, 12, 116, 143]
R31[113, 190, 83]
R32[20, 148, 118]
R33[45, 178, 55]
R34[57, 131, 62]
R35[93]
------------------------------------------
