 
------------------------------------------
DISTANCIA: Euclidean
HEURÍSTICA DE CONSTRUCCIÓN: Sweep
COSTO TOTAL: 14746.52
TOTAL DE RUTAS: 50
TIEMPO DE EJECUCIÓN: 5.456207752227783
 
R1[179, 142, 63, 56]
R2[5, 189, 198]
R3[44, 77, 167, 111, 107]
R4[29, 149]
R5[160, 8, 67, 39, 183]
R6[193, 105, 15, 74]
R7[163, 139, 53]
R8[65, 95, 108]
R9[136, 42, 123]
R10[162, 158]
R11[181, 34, 49]
R12[161, 38, 130, 188, 109]
R13[52, 59]
R14[58, 89, 137]
R15[84, 140, 1, 17, 92]
R16[103, 72, 64, 99]
R17[57, 50, 9, 110, 117, 28]
R18[194, 33, 90, 81, 138]
R19[7, 157, 87]
R20[116, 3, 22, 37, 187]
R21[191, 24, 51, 195, 165]
R22[182, 13, 4, 121, 174]
R23[46, 153, 172, 145, 96]
R24[101, 171, 19, 94, 98]
R25[60, 70, 16, 100]
R26[18, 192, 43, 2, 200]
R27[97, 169]
R28[119, 71]
R29[125, 61, 106]
R30[190, 159, 26, 11, 168, 122]
R31[23, 150, 76]
R32[36, 132, 14]
R33[131, 175, 91, 127, 79]
R34[133, 135, 196, 199]
R35[186, 151]
R36[66, 102, 31, 141, 25, 69]
R37[184, 128]
R38[115, 6]
R39[180, 112, 68]
R40[126]
R41[88, 35, 185]
R42[120, 80, 75, 176]
R43[104, 85, 40]
R44[155, 12, 154, 47]
R45[83, 156, 146]
R46[143]
R47[32, 54]
R48[148, 197, 173, 86]
R49[129, 124]
R50[166]
------------------------------------------
