 
------------------------------------------
DISTANCIA: Euclidean
HEURÍSTICA DE CONSTRUCCIÓN: NearestNeighborWithRLC
COSTO TOTAL: 14505.93
TOTAL DE RUTAS: 18
TIEMPO DE EJECUCIÓN: 6.975289583206177
 
R1[179, 200, 199, 198, 175, 178, 197, 173, 155, 109, 107, 154, 120]
R2[196, 162, 78, 195, 194, 67, 45, 149, 146, 139, 188]
R3[193, 39, 131, 122, 17, 2, 190, 192, 110, 4, 101]
R4[113, 191, 189, 187, 102, 100, 185, 183, 99, 181, 90, 184, 176]
R5[76, 172, 169, 182, 170, 167, 180, 168, 166, 74, 73]
R6[177, 68, 164, 165, 163, 160, 64, 158, 152, 161, 153, 13]
R7[62, 159, 61, 44, 157, 147, 43, 151, 30, 144, 156, 150]
R8[27, 24, 142, 145, 20, 143, 6, 140, 148, 141, 133]
R9[137, 138, 136, 134, 130, 129, 128, 126, 11, 135, 1, 124, 123, 96]
R10[125, 119, 121, 116, 118, 108, 117, 114, 132, 111, 77]
R11[106, 112, 105, 104, 5, 97, 103, 98, 93, 92, 53, 41]
R12[91, 95, 85, 3, 89, 19, 87, 83, 9, 81, 48, 12]
R13[84, 82, 80, 7, 71, 35, 70, 66, 59, 79, 57, 40]
R14[56, 28, 55, 47, 31, 26, 75, 25, 16]
R15[14, 15, 72, 69, 37, 60, 58, 63, 36, 50]
R16[52, 34, 54, 49, 33, 46, 42, 38, 10, 18]
R17[29, 21, 22, 23, 8, 186, 174, 171, 51]
R18[127, 94, 32, 65, 115, 86, 88]
------------------------------------------
