 
------------------------------------------
DISTANCIA: Euclidean
HEURÍSTICA DE CONSTRUCCIÓN: MoleJameson
COSTO TOTAL: 2799.72
TOTAL DE RUTAS: 18
TIEMPO DE EJECUCIÓN: 133.30879545211792
 
R1[65, 51, 86, 115, 94, 171, 174, 32, 189, 136, 124, 141, 197]
R2[57, 118, 83, 188, 165, 33, 143, 176, 36, 121, 108]
R3[11, 11, 12, 91, 164, 66, 122, 6, 129, 139, 73]
R4[114, 159, 38, 150, 22, 151, 16, 140, 187, 142, 111, 63, 56]
R5[26, 14, 198, 152, 40, 169, 89, 105, 89, 15, 59, 96]
R6[183, 93, 53, 99, 1, 9, 71, 126, 35, 166, 119, 144, 101]
R7[145, 195, 52, 194, 75, 163, 182, 23, 92, 21]
R8[28, 74, 149, 133, 48, 130, 97, 196, 192, 19, 120, 30, 68]
R9[34, 95, 158, 190, 5, 10, 106, 193, 46, 125, 191, 128, 167]
R10[18, 98, 186, 127, 54, 185, 117, 185, 104, 49, 181]
R11[135, 7, 8, 88, 3, 177, 161, 157, 58, 184, 199]
R12[17, 13, 43, 13, 175, 90, 2, 155, 78, 39, 107, 109]
R13[80, 123, 42, 87, 29, 79, 168, 112, 50, 156, 134, 170]
R14[162, 110, 77, 172, 25, 31, 85, 41, 20, 154]
R15[173, 178, 131, 44, 146, 102, 146, 81, 138, 81, 137]
R16[147, 70, 45, 179, 61, 100, 64, 27, 76, 62]
R17[60, 72, 82, 84, 4, 82, 180, 84, 180]
R18[69, 200, 148, 103, 113]
------------------------------------------
