 
------------------------------------------
DISTANCIA: Euclidean
HEURÍSTICA DE CONSTRUCCIÓN: FisherJaikumar
COSTO TOTAL: 18063.25
TOTAL DE RUTAS: 50
TIEMPO DE EJECUCIÓN: 1.5240612030029297
 
R1[100, 52, 98]
R2[55, 55]
R3[72, 72]
R4[160]
R5[179, 179, 59, 81, 3, 83, 71, 124, 190]
R6[20, 20]
R7[23, 60, 23]
R8[27, 27, 129, 119, 191, 96, 29, 73, 95, 195, 18]
R9[189, 94, 33, 157, 189, 166]
R10[80, 80, 136, 36, 198, 137, 182, 183]
R11[42, 12, 42]
R12[47, 47]
R13[57, 54, 92, 57, 134]
R14[70, 34, 118, 125, 70, 165]
R15[61, 67, 75, 61]
R16[76, 76]
R17[168, 14, 104, 168, 88]
R18[126, 185, 126, 97, 7, 156]
R19[53, 53, 17, 103, 184]
R20[161, 109, 161]
R21[110, 141, 186, 110]
R22[78, 78, 49, 155, 133, 167, 111]
R23[115, 115]
R24[131, 131]
R25[132]
R26[152, 152]
R27[194, 22, 181, 144, 193, 91, 51, 74, 194, 162]
R28[164, 32, 120, 187, 117, 107, 56]
R29[171, 24, 171]
R30[154, 174, 154, 112, 77, 106, 16, 66, 38, 200]
R31[48, 48, 6, 116]
R32[58, 13, 58, 197]
R33[89, 1, 89]
R34[176, 2, 87, 176]
R35[5, 138, 5]
R36[45, 105, 45, 9, 127, 4, 192]
R37[10, 128, 121, 10]
R38[11, 146, 11, 69, 65, 46, 159, 90, 163]
R39[15, 150, 158, 15, 139]
R40[19, 19]
R41[37, 37, 21, 149]
R42[44, 44, 26, 172, 153, 99, 63, 177, 108, 178]
R43[86, 28, 86]
R44[79, 30, 84, 79]
R45[31, 173, 170, 50, 31, 123, 68, 64, 147, 102, 114, 135, 93, 85, 140]
R46[35, 175, 142]
R47[25, 39, 151]
R48[40, 40]
R49[41, 169, 122, 41]
R50[101, 43, 130, 101, 145]
------------------------------------------
