 
------------------------------------------
DISTANCIA: Euclidean
HEURÍSTICA DE CONSTRUCCIÓN: Sweep
COSTO TOTAL: 14523.11
TOTAL DE RUTAS: 20
TIEMPO DE EJECUCIÓN: 18.61127996444702
 
R1[191, 82, 81, 129, 18, 147, 190, 71, 128, 189, 73, 182, 152]
R2[17, 168, 163, 80, 23, 69, 86, 53, 66, 74, 154, 148, 41, 12]
R3[149, 52, 38, 188, 175, 108, 58, 179, 40, 135, 75, 93]
R4[101, 124, 92, 26, 34, 176, 35, 195, 125, 65, 16, 2, 77, 106]
R5[14, 141, 145, 193, 84, 51, 114, 36, 107, 39, 29, 100, 170]
R6[194, 121, 183, 104, 199, 181, 54, 46, 79, 196, 68]
R7[110, 95, 112, 4, 134, 130, 30, 118, 164, 60, 126]
R8[155, 11, 19, 131, 9, 83, 25, 197, 180, 153, 7]
R9[159, 151, 111, 115, 31, 44, 13, 137, 6, 27, 136]
R10[150, 187, 178, 102, 24, 158, 20, 160, 55, 48]
R11[142, 85, 45, 78, 198, 133, 50, 59, 97, 3, 96]
R12[57, 165, 21, 22, 49, 117, 37, 120, 90, 94, 177, 200, 116, 61]
R13[32, 139, 15, 144, 138, 5, 42, 173, 174, 67]
R14[28, 56, 146, 157, 156, 70, 162, 89, 172, 99]
R15[123, 167, 63, 186, 10, 171, 109, 88, 161, 98]
R16[169, 64, 8, 105, 185, 127, 140, 119, 1, 87, 122]
R17[184, 166, 47, 143, 72, 132, 76, 91]
R18[192, 43, 103, 33]
R19[113]
R20[62]
------------------------------------------
