 
------------------------------------------
DISTANCIA: Euclidean
HEURÍSTICA DE CONSTRUCCIÓN: KilbyAlgorithm
COSTO TOTAL: 6150.62
TOTAL DE RUTAS: 50
TIEMPO DE EJECUCIÓN: 21.578691959381104
 
R1[32, 70, 160, 189, 147, 103, 148, 136, 197, 124]
R2[4, 121, 108, 176, 143, 118, 72, 83, 57, 125, 82]
R3[18, 135, 183, 137, 58, 55, 161, 104, 117, 185]
R4[23, 130, 59, 105, 89, 198, 169, 92, 52, 195]
R5[47, 116, 91, 164, 73, 66, 129]
R6[8, 138, 199, 98, 54, 186, 127]
R7[16, 114, 151, 159, 56, 111, 142, 140]
R8[3, 184, 157, 177, 63, 88, 187]
R9[42, 123, 133, 153, 50, 170, 134, 156]
R10[35, 71, 144, 101, 126, 53, 166, 119]
R11[41, 179, 100, 109, 64, 154]
R12[19, 76, 68, 146, 102]
R13[21, 74, 97, 196, 120, 192]
R14[25, 77, 172, 110, 162]
R15[29, 87, 178, 173, 112, 168, 79]
R16[46, 190, 193, 106, 128]
R17[5, 158, 95, 167]
R18[44, 131, 62]
R19[2, 78, 155, 175]
R20[11, 139, 122]
R21[31, 85, 80]
R22[40, 152]
R23[33, 165]
R24[34, 67, 90]
R25[36, 188]
R26[7, 181]
R27[9, 99]
R28[14, 149]
R29[15, 96]
R30[20]
R31[24, 61]
R32[27]
R33[49, 93]
R34[1]
R35[10]
R36[13, 113]
R37[22, 150]
R38[26]
R39[28]
R40[30]
R41[37, 81]
R42[39]
R43[43]
R44[107]
R45[6]
R46[12]
R47[17]
R48[38]
R49[45]
R50[48]
------------------------------------------
