 
------------------------------------------
DISTANCIA: Euclidean
HEURÍSTICA DE CONSTRUCCIÓN: Sweep
COSTO TOTAL: 14696.52
TOTAL DE RUTAS: 24
TIEMPO DE EJECUCIÓN: 4.163864374160767
 
R1[195, 142, 179, 59, 158, 63, 149, 56]
R2[66, 136, 162, 92, 198]
R3[114, 7, 90, 106, 188, 123, 183, 108, 189, 42, 107]
R4[105, 157, 29, 72, 4, 176, 47, 61, 51, 139, 81, 187]
R5[14, 28, 15, 49, 39, 109, 111]
R6[148, 112, 119, 124, 84, 121, 94, 36, 37, 167, 89]
R7[134, 13, 117, 165, 1, 16, 43, 31, 200, 9, 77, 17, 34, 95]
R8[67, 87, 138, 137, 53, 74]
R9[6, 194, 96, 181, 52, 64, 130, 99]
R10[60, 129, 175, 169, 71, 76, 98, 168, 163, 191, 25, 127, 128, 125]
R11[103, 192, 185, 58, 171, 5, 83, 164, 102, 154]
R12[97, 68, 91, 132, 126, 145, 100, 174, 110]
R13[57, 104, 193, 85, 32, 118, 46, 22, 24, 151, 140]
R14[38, 150, 186, 153, 79, 172, 122, 33, 2, 70]
R15[113, 20, 152, 160, 173, 11, 196, 155, 21, 93, 86]
R16[116, 178, 12, 40, 146, 8, 184, 115, 199]
R17[48, 197, 141, 80, 73, 131, 44, 18, 88, 78, 147]
R18[62, 55, 54, 156, 27, 65, 75]
R19[120, 35, 69]
R20[26, 50, 135, 166, 10, 180, 82, 41, 23, 143]
R21[45, 133, 144, 159, 101, 161, 19, 182]
R22[30, 177, 3]
R23[170]
R24[190]
------------------------------------------
