 
------------------------------------------
DISTANCIA: Euclidean
HEURÍSTICA DE CONSTRUCCIÓN: MoleJameson
COSTO TOTAL: 4797.05
TOTAL DE RUTAS: 24
TIEMPO DE EJECUCIÓN: 46.212496280670166
 
R1[107, 94, 115, 86, 174, 51, 189, 136, 162, 179, 109]
R2[149, 56, 63, 188, 108, 121, 165, 121]
R3[191, 4, 72, 33, 36, 176, 36, 128, 106, 167, 34]
R4[40, 169, 89, 105, 198, 26, 152, 26, 48, 133]
R5[16, 140, 187, 142, 111]
R6[183, 53, 99, 1, 144]
R7[110, 69, 141, 124, 197, 200, 103, 148, 70]
R8[49, 117, 98, 127, 157, 151, 159, 59, 123, 74]
R9[39, 100, 77, 154, 64, 27, 173, 130, 15, 92, 42, 28]
R10[95, 46, 193, 137]
R11[37, 81, 138, 199, 138, 52, 87]
R12[91, 47, 160, 122, 139, 67]
R13[29, 79, 170, 134, 156, 168, 112, 50, 156]
R14[181, 145, 194, 75, 163, 182, 96]
R15[2, 43, 61, 24, 172, 25, 80, 14, 97, 196, 68, 76]
R16[32, 65, 171, 12, 164, 66, 147, 129, 116, 6, 73]
R17[38, 150, 22, 114, 8, 186, 54, 18, 185, 7, 58, 184]
R18[62, 131, 44, 102, 146, 19, 192, 120, 30, 178, 113]
R19[13, 90, 9, 11, 31, 85, 23, 21]
R20[135, 55, 132, 35, 126, 71]
R21[57, 83, 143, 82, 84, 180, 84, 180, 60, 10, 5, 175, 155]
R22[3, 88, 177, 161, 104, 93, 101, 118, 78, 20]
R23[41, 190]
R24[45]
------------------------------------------
