 
------------------------------------------
DISTANCIA: Euclidean
HEURÍSTICA DE CONSTRUCCIÓN: RandomMethod
COSTO TOTAL: 14840.41
TOTAL DE RUTAS: 19
TIEMPO DE EJECUCIÓN: 0.37998270988464355
 
R1[150, 80, 2, 121, 34, 162, 188, 49, 138, 56, 111]
R2[63, 59, 198, 123, 142, 149, 74, 136, 195, 169, 100, 4, 189]
R3[177, 122, 185, 25, 179, 87, 89, 94, 51, 67, 28, 157, 92]
R4[16, 187, 1, 165, 42, 140, 81, 181, 7, 95, 130, 183, 158]
R5[124, 13, 132, 6, 58, 77, 69, 17, 167, 61, 115, 151, 168]
R6[133, 33, 99, 72, 79, 137, 53, 15, 64, 108, 117, 105]
R7[119, 197, 41, 93, 176, 125, 153, 139, 109, 107]
R8[30, 60, 70, 97, 199, 9, 200, 172, 47]
R9[14, 145, 29, 98, 52, 174, 110, 39]
R10[159, 192, 82, 44, 76, 191, 141, 71, 36, 126, 194]
R11[103, 118, 104, 12, 24, 40, 91, 146, 50, 164]
R12[83, 106, 37, 68, 196, 35, 11, 90, 128, 186, 22, 166, 160, 38]
R13[180, 148, 32, 75, 26, 175, 143, 84, 156, 27]
R14[113, 144, 46, 193, 57, 129, 147, 190, 171, 170, 135, 173]
R15[18, 85, 161, 23, 43, 8, 96, 127, 112, 163, 86, 154]
R16[184, 54, 152, 31, 88, 21, 131, 62]
R17[120, 5, 114, 102, 65, 48, 20, 73, 155, 3, 10]
R18[19, 116, 101, 66, 45, 134, 55, 78, 182]
R19[178]
------------------------------------------
