 
------------------------------------------
DISTANCIA: Euclidean
HEURÍSTICA DE CONSTRUCCIÓN: Sweep
COSTO TOTAL: 14794.05
TOTAL DE RUTAS: 19
TIEMPO DE EJECUCIÓN: 4.575761556625366
 
R1[166, 117, 142, 49, 136, 90, 100, 74, 92, 42, 67, 137, 95, 123]
R2[16, 195, 89, 76, 149, 198, 183, 28, 15, 109]
R3[78, 103, 130, 63, 39, 53, 187, 105, 140, 165, 64, 179, 188]
R4[77, 127, 99, 17, 157, 52, 87, 56, 107, 111, 162, 189]
R5[71, 139, 51, 29, 9, 98, 37, 132, 181, 200, 68, 184]
R6[108, 59, 158]
R7[72, 110, 81, 69, 196, 70, 172, 35, 150, 14]
R8[161, 13, 138, 167, 145, 61, 199, 194, 185, 125, 163, 4, 96, 7]
R9[18, 101, 186, 146, 104, 55, 156, 82, 144, 60, 45]
R10[192, 97, 176, 36, 91, 154, 40, 83, 73, 190]
R11[119, 31, 66, 191, 43, 47, 6, 153, 2, 11, 175, 147]
R12[30, 178, 129, 102, 170, 85, 50, 27, 3, 169]
R13[148, 180, 1, 121, 122, 33, 106, 174, 79, 25]
R14[93, 114, 159, 58, 151, 22, 193, 160, 115, 112, 94]
R15[19, 41, 133, 182, 126, 24, 141, 168, 86, 128, 34]
R16[131, 65, 32, 84, 124, 197, 46, 8, 80, 134]
R17[116, 23, 12, 54, 173, 10, 20, 75, 135]
R18[152, 164, 38, 48, 44, 118, 5, 57, 62, 177, 26]
R19[143, 88, 21, 171, 113, 120, 155]
------------------------------------------
