 
------------------------------------------
DISTANCIA: Euclidean
HEURÍSTICA DE CONSTRUCCIÓN: MatchingBasedSavingAlgorithm
COSTO TOTAL: 6818.1
TOTAL DE RUTAS: 19
TIEMPO DE EJECUCIÓN: 45.10750365257263
 
R1[1]
R2[12, 91, 69, 91, 158, 5, 10, 60, 125, 121, 108, 188]
R3[83, 57, 93, 181, 101, 119, 166, 185, 141, 113, 175, 73, 78, 144]
R4[85, 115, 171, 115, 124, 156, 23, 170, 163, 194, 130]
R5[19, 41, 51, 94, 153, 169, 153, 89, 21, 153, 59, 74]
R6[31, 86, 50, 87, 50, 40, 96, 172, 97, 196, 192]
R7[32, 112, 75, 168, 29, 145, 168, 42, 29, 79, 168, 77]
R8[62, 44, 27, 65, 20, 103, 134, 92, 149]
R9[45, 114, 38, 150, 159, 131, 102, 154, 173, 148, 162, 179]
R10[147, 178, 26, 26, 48, 198, 152, 30, 152, 133, 120, 30]
R11[25, 164, 66, 164, 47, 70, 116, 64, 100]
R12[46, 106, 34, 72, 167, 139, 122, 24, 61, 68, 76]
R13[6, 11, 109, 28, 15, 14, 15, 63, 56, 183]
R14[88, 3, 187, 199, 199, 184, 22, 184, 186, 191]
R15[18, 138, 137, 140, 142, 8, 58, 8, 135, 155, 193]
R16[13, 43, 49, 117, 67, 90, 127, 37, 151, 16, 151, 151, 16, 157, 16, 53]
R17[104, 55, 54, 82, 84, 107]
R18[126, 132, 33, 9, 71, 4, 36, 165, 17, 2, 17]
R19[118, 190, 180, 176, 7, 143, 35, 161, 177, 161]
------------------------------------------
