 
------------------------------------------
DISTANCIA: Euclidean
HEURÍSTICA DE CONSTRUCCIÓN: SaveParallel
COSTO TOTAL: 2803.32
TOTAL DE RUTAS: 20
TIEMPO DE EJECUCIÓN: 50.148080587387085
 
R1[21, 23, 182, 163, 75, 194, 145, 195, 52, 92]
R2[114, 22, 150, 38, 159, 151, 16, 140, 187, 142, 111, 63, 56]
R3[176, 143, 60, 125, 191, 84, 180, 82, 4, 72, 121]
R4[18, 54, 132, 185, 117, 181, 7, 104, 161, 135, 49]
R5[57, 118, 83, 33, 36, 165, 188, 108]
R6[199, 184, 58, 177, 3, 88, 127, 186, 8, 98, 157]
R7[123, 42, 87, 29, 79, 168, 112, 156, 50, 134, 170, 153]
R8[200, 69, 141, 124, 197, 103, 148, 70]
R9[93, 55, 37, 81, 138, 137, 183]
R10[47, 160, 147, 66, 164, 12, 116, 91]
R11[133, 48, 26, 40, 152, 14, 198, 169, 89, 105, 15, 59]
R12[129, 32, 171, 65, 86, 115, 94, 51, 174, 136, 189]
R13[1, 99, 53, 9, 71, 126, 35, 166, 119, 144, 101]
R14[73, 6, 11, 122, 139]
R15[162, 110, 77, 172, 25, 31, 80, 85, 41, 20]
R16[30, 120, 19, 192, 97, 196, 96, 130, 28, 74, 149]
R17[62, 131, 44, 102, 146, 68, 76]
R18[175, 190, 5, 10, 106, 128, 46, 193, 167, 34, 95, 158, 17]
R19[45, 179, 64, 100, 61, 24, 154, 173, 27, 178, 109]
R20[78, 155, 113, 13, 43, 2, 90, 67, 39, 107]
------------------------------------------
