 
------------------------------------------
DISTANCIA: Euclidean
HEURÍSTICA DE CONSTRUCCIÓN: SaveSequential
COSTO TOTAL: 3625.79
TOTAL DE RUTAS: 19
TIEMPO DE EJECUCIÓN: 19.972240686416626
 
R1[155, 175, 2, 167, 106, 128, 46, 193, 191, 84, 180, 82, 4, 125]
R2[156, 112, 168, 79, 29, 85, 80, 31, 25, 172, 77, 110]
R3[68, 19, 192, 21, 182, 163, 75, 194, 145, 195, 92]
R4[123, 87, 42, 50, 170, 134, 52, 23, 15, 105, 198]
R5[22, 140, 187, 142, 111, 63, 56, 183, 49, 117, 181]
R6[124, 174, 51, 94, 115, 86, 65, 171, 136, 189, 95, 34]
R7[188, 165, 33, 36, 60, 72, 121, 108, 158]
R8[3, 8, 186, 127, 98, 157, 88, 177, 16, 151, 7, 37]
R9[40, 152, 26, 14, 153, 169, 89, 97, 196, 59, 74]
R10[137, 58, 18, 54, 132, 185, 150, 38, 159, 114, 104, 161, 199]
R11[1, 35, 166, 126, 71, 9, 99, 53, 138, 81, 28, 130, 96, 64]
R12[91, 47, 160, 70, 197, 141, 69, 200]
R13[6, 11, 129, 147, 32, 103, 148, 66, 164, 12, 116]
R14[120, 44, 102, 146, 184, 101, 144, 119, 57, 83, 143, 176]
R15[17, 39, 107, 109, 179, 20, 41, 162, 149]
R16[61, 100, 27, 173, 154, 24, 122, 139, 113, 13, 43, 90, 67]
R17[190, 5, 10, 118, 93, 55, 135, 131, 30]
R18[45, 178, 48, 133, 76]
R19[62, 73, 78]
------------------------------------------
