 
------------------------------------------
DISTANCIA: Euclidean
HEURÍSTICA DE CONSTRUCCIÓN: SaveSequential
COSTO TOTAL: 19640.87
TOTAL DE RUTAS: 73
TIEMPO DE EJECUCIÓN: 388.2302596569061
 
R1[96, 51, 181, 389, 1, 127, 245, 242, 259, 276, 86]
R2[227, 228, 231, 125, 225, 323, 84, 197, 81, 323, 224, 41]
R3[104, 75, 123, 200, 187, 207, 195, 358, 285, 18]
R4[261, 383, 161, 173, 50, 131, 313, 258]
R5[158, 264, 307, 396, 65, 39, 62, 142]
R6[318, 216, 341, 119, 289, 42]
R7[302, 30, 132, 128, 27, 234]
R8[218, 369, 110, 35, 223, 240]
R9[176, 46, 147, 89, 166]
R10[250, 192, 317, 136, 22, 399, 241]
R11[301, 53, 384]
R12[71, 222, 69, 211, 59, 327, 230, 232]
R13[88, 122, 376]
R14[342, 118, 183]
R15[311, 255, 237, 219, 239, 98, 275]
R16[372, 316, 294, 256, 205, 256]
R17[163, 238, 40, 283]
R18[298, 177, 95, 87, 353, 249]
R19[72, 273, 350, 282, 352, 168, 347]
R20[178, 6, 394, 68, 253]
R21[391, 113, 304, 159, 190]
R22[76, 28, 243, 248, 108, 248, 34]
R23[99, 116, 251, 363, 194, 363, 130, 45]
R24[21, 26, 320, 153]
R25[20, 31, 171, 48, 4, 367]
R26[329, 263, 129, 281, 220]
R27[386, 379, 312, 246, 43]
R28[107, 338, 382, 233, 120, 254, 293]
R29[297, 334, 365, 117, 247, 162, 124, 2]
R30[346, 330, 143, 215, 295, 103]
R31[357, 77, 74, 288, 164, 37]
R32[170, 138, 236, 61, 11, 321, 15]
R33[217, 303, 24, 93, 229, 204, 377, 344, 91]
R34[364, 340, 373, 167, 148, 378, 260, 3]
R35[134, 55, 32, 67, 25]
R36[319, 172, 226, 292, 272, 306, 106]
R37[359, 210, 133, 333, 111, 356, 175]
R38[9, 12, 140, 279, 90, 196, 13]
R39[58, 270, 19, 349, 336]
R40[368, 305, 201, 191, 296, 82, 388]
R41[244, 57, 79]
R42[299, 47, 362, 271, 274, 14]
R43[325, 146, 180, 179, 400, 8]
R44[268, 310, 339, 262, 152]
R45[300, 169, 182, 290, 370]
R46[267, 102, 54, 78, 308, 309, 184]
R47[278, 387, 165, 109, 355, 36, 328]
R48[112, 16, 314, 135, 212, 257]
R49[156, 324, 193, 351, 145]
R50[10, 395, 361, 100]
R51[277, 208, 397, 203, 202, 185]
R52[97, 360, 198, 390, 85]
R53[70, 157, 189, 174, 252]
R54[315, 221, 284, 206]
R55[155, 17, 214, 235]
R56[149, 33, 29, 380, 7]
R57[66, 94, 266, 326, 337]
R58[114, 44, 348, 392]
R59[73, 265, 38]
R60[56, 141, 398]
R61[101, 393, 52, 121]
R62[280, 199, 385, 354]
R63[209, 151, 213, 63, 381]
R64[287, 291, 371, 160]
R65[64, 105, 5, 144]
R66[154, 335, 322, 83]
R67[331, 375, 49]
R68[150, 374]
R69[23, 80, 139]
R70[186, 269, 343]
R71[332, 92]
R72[115, 366, 286]
R73[126]
------------------------------------------
