 
------------------------------------------
DISTANCIA: Euclidean
HEURÍSTICA DE CONSTRUCCIÓN: CMT
COSTO TOTAL: 23507.48
TOTAL DE RUTAS: 117
TIEMPO DE EJECUCIÓN: 494.8934690952301
 
R1[350, 183, 75, 228]
R2[388, 384]
R3[314, 132]
R4[30, 353]
R5[289]
R6[200, 119, 42]
R7[69, 222, 253]
R8[51, 181, 96]
R9[158, 104, 227]
R10[78, 386, 379, 312, 246, 84]
R11[85, 328, 95, 399]
R12[345, 98, 250, 234]
R13[274, 275, 240]
R14[369, 110, 35, 223]
R15[340, 373, 391]
R16[204, 295, 103, 122]
R17[323, 197, 224, 41]
R18[188, 125, 225, 34, 230]
R19[287, 27]
R20[270, 193, 19, 294]
R21[238, 260, 43, 329, 45, 163]
R22[71, 170, 4, 190]
R23[178, 327]
R24[219, 28, 249, 311, 241]
R25[89, 166, 258]
R26[216, 285, 18, 81]
R27[293, 53, 313, 86]
R28[396, 264, 142]
R29[355, 117, 40, 283, 123]
R30[338, 256, 205]
R31[243, 239, 192, 128]
R32[233, 173, 161, 50, 383, 131]
R33[67, 65, 307, 316, 276]
R34[62, 210, 382, 55, 120, 251, 261]
R35[301, 358, 195, 346, 232]
R36[245, 6, 168, 347, 376]
R37[133]
R38[32, 39]
R39[291, 16, 136, 22]
R40[94, 54, 180, 179]
R41[100, 145, 318, 106, 297]
R42[57, 48]
R43[203, 365, 273, 341, 207, 187]
R44[24, 229, 220]
R45[299, 305]
R46[127, 242, 259]
R47[296, 60, 130, 372]
R48[102, 159, 304, 164, 59]
R49[214, 172, 352]
R50[5, 160, 143, 147, 153]
R51[114, 144, 93, 281, 129, 263, 137]
R52[138]
R53[135, 108, 248, 171]
R54[374, 156, 333, 111, 194, 363, 134, 107]
R55[321]
R56[126, 317, 196, 20]
R57[357, 74, 394, 68, 288, 211]
R58[247, 320]
R59[2]
R60[310, 389, 1, 116, 46, 176, 76]
R61[36, 349, 91]
R62[199, 82, 359, 254]
R63[8, 319]
R64[322, 151, 121, 284, 351, 58, 356, 344]
R65[33, 255, 212, 169, 237, 13, 15]
R66[109, 26, 282]
R67[395, 306, 124]
R68[337, 330, 215]
R69[290, 236, 61, 218, 11]
R70[298, 38, 70, 25]
R71[77, 14, 113]
R72[52, 380, 177]
R73[277, 325, 368, 37]
R74[308, 268, 79, 367]
R75[17, 162]
R76[189, 271, 244, 90, 378]
R77[72, 390, 370, 302, 201, 175, 3]
R78[146, 148]
R79[213, 221]
R80[139, 392, 191, 184, 336]
R81[252, 167]
R82[87, 279, 257, 300]
R83[44, 348, 235]
R84[334, 231, 400]
R85[324, 371, 140, 47, 99]
R86[118, 21]
R87[361, 7, 377]
R88[12, 66]
R89[105, 155, 381, 202, 272, 309]
R90[23, 315, 217, 209, 206, 10]
R91[198, 362, 9]
R92[165, 262, 152]
R93[226, 342]
R94[303, 182, 339, 157, 185]
R95[31, 29]
R96[397, 326]
R97[332, 278, 64, 208]
R98[335, 385, 280, 354]
R99[267, 265, 101]
R100[387, 266]
R101[49, 112]
R102[174]
R103[269, 141, 149, 398]
R104[63]
R105[366, 83]
R106[92, 154, 331]
R107[73]
R108[150, 364]
R109[80]
R110[56]
R111[286, 360, 375]
R112[292]
R113[186]
R114[343, 115]
R115[88]
R116[97]
R117[393]
------------------------------------------
