 
------------------------------------------
DISTANCIA: Euclidean
HEURÍSTICA DE CONSTRUCCIÓN: MatchingBasedSavingAlgorithm
COSTO TOTAL: 33894.53
TOTAL DE RUTAS: 73
TIEMPO DE EJECUCIÓN: 588.6174714565277
 
R1[25]
R2[55]
R3[65]
R4[116]
R5[233]
R6[102, 159, 207, 253]
R7[72, 113, 183, 123, 228]
R8[73, 78, 177, 95, 241]
R9[97, 52, 125, 224]
R10[77, 6, 227]
R11[180, 309, 346, 347, 272, 155, 105, 105, 105, 202, 260]
R12[94, 319, 327, 232]
R13[343, 303, 379, 383]
R14[366, 387, 389, 396, 399]
R15[114, 246, 313]
R16[115, 112, 225, 249, 230]
R17[63, 304, 262, 216, 341, 282, 352, 283, 372]
R18[186, 384, 197, 8, 197, 41]
R19[334, 339, 365, 350, 358, 365, 342, 365, 350]
R20[285, 195, 187, 92, 268, 165, 266, 223, 240]
R21[80, 5, 46, 84]
R22[33, 231, 321, 259, 276]
R23[126, 314, 323, 353, 391]
R24[286, 301, 335, 44, 137, 81, 386, 81, 329, 131, 142]
R25[23, 154, 179, 215, 376]
R26[267, 88, 255, 278, 311]
R27[32, 11, 9, 29, 9, 250]
R28[16, 4, 43, 98, 128]
R29[64, 68, 158, 104]
R30[332, 397, 310, 355, 318, 349, 344, 316]
R31[51, 54, 118, 124, 166]
R32[17, 288, 320, 35, 45]
R33[189, 182, 14, 273, 162, 168, 289, 168, 42]
R34[49, 61, 141, 146, 26, 119, 119, 200, 200, 163]
R35[56, 69, 367, 153, 238, 122, 153]
R36[150, 174, 297, 211, 203, 220]
R37[198, 214, 373, 79, 79, 59, 218, 59, 27]
R38[149, 135, 157, 172, 190]
R39[139, 21, 109, 160, 109, 76]
R40[360, 357, 74, 361, 306, 89]
R41[151, 205, 263, 247, 263, 236, 257, 300, 254]
R42[287, 364, 381, 398, 382]
R43[83, 106, 100, 106, 143, 121, 93, 121, 106, 148, 170, 175]
R44[101, 140, 317, 302, 184, 245, 325, 145, 66, 145, 103]
R45[308, 226, 269, 336, 356, 359, 330, 359]
R46[156, 252, 296]
R47[274, 237, 281, 217, 208, 217, 264]
R48[229, 229, 235, 144, 138, 24, 229, 204, 229, 256, 251]
R49[394, 164, 292, 326, 117, 117, 176, 130]
R50[209, 271, 248]
R51[324, 31, 192, 219, 305, 192, 239, 12, 37, 368, 368, 91]
R52[19, 3, 20]
R53[291, 315, 331, 348]
R54[322, 213, 351, 392, 340, 392, 185, 244, 299, 196]
R55[375, 385, 390]
R56[1, 2]
R57[370, 290, 393, 338, 337, 395, 337, 333, 328]
R58[38, 108, 57, 10, 47, 10, 60]
R59[39, 36, 48, 53]
R60[13, 28]
R61[133, 82, 212, 169, 171, 132]
R62[298, 221, 354, 206, 279]
R63[62, 99, 120]
R64[87, 7, 134, 107, 161, 50, 191, 15]
R65[181, 199, 277, 201]
R66[265, 280, 362, 284]
R67[70, 67, 90]
R68[374, 371, 380]
R69[193, 136, 194]
R70[85, 173, 58, 96]
R71[22, 30]
R72[111, 127]
R73[270, 210, 400]
------------------------------------------
