 
------------------------------------------
DISTANCIA: Euclidean
HEURÍSTICA DE CONSTRUCCIÓN: MoleJameson
COSTO TOTAL: 22541.96
TOTAL DE RUTAS: 92
TIEMPO DE EJECUCIÓN: 120.1218318939209
 
R1[227, 258, 166, 89, 147]
R2[228, 41, 15, 76, 149, 7, 101, 257, 311, 241]
R3[376, 395, 347, 306, 377, 104, 272, 155]
R4[42, 224, 249, 234, 27, 28, 157]
R5[131, 313, 86, 383, 161, 50, 261]
R6[75, 146, 308, 165, 84, 79]
R7[158, 240, 128, 192, 239, 243, 171]
R8[232, 230, 250, 271, 57, 48, 244, 390, 174]
R9[95, 177, 30, 353, 142]
R10[384, 372, 276, 242, 259, 245, 127, 116, 1, 389, 181]
R11[336, 152, 10, 185, 289, 53, 130, 3]
R12[123, 122, 60, 191, 349, 344, 91]
R13[163, 197]
R14[359, 293, 220, 199, 82, 296, 82]
R15[45, 346, 309, 283, 202]
R16[183, 176, 295, 204, 103]
R17[327, 34, 329, 106, 145, 318, 100, 208]
R18[107, 294, 121, 173, 213, 120, 213, 275, 391]
R19[11, 369, 218, 35, 110, 35]
R20[253, 81, 323, 225]
R21[254, 229, 153, 263, 119]
R22[281, 388, 2, 124, 46, 129, 235]
R23[162, 168, 320, 247]
R24[138, 170, 4, 190, 274, 370, 252]
R25[328, 85, 265, 317, 22, 399, 132]
R26[64, 269, 297, 43, 178]
R27[125, 278, 312, 246, 59]
R28[134, 316, 205, 58, 284, 356]
R29[6, 288, 367, 20]
R30[109, 172, 282, 40, 352, 226, 292]
R31[200, 24, 93, 144, 303, 55, 256, 251]
R32[96, 321, 98]
R33[37, 368, 325]
R34[215, 143, 330, 187, 21]
R35[363, 307, 19, 338, 233, 385, 335]
R36[345, 260, 207, 341]
R37[164, 238, 118, 117, 350, 361, 337, 348, 175]
R38[211, 108, 248, 362, 219]
R39[378, 148, 167, 373, 13]
R40[25, 201, 302, 380]
R41[319, 188, 231, 379, 387, 78, 387]
R42[18, 8, 400, 237, 396]
R43[304, 71, 159, 102, 305]
R44[196, 194, 111]
R45[135, 140, 279, 112, 90, 300]
R46[184, 299, 398, 66, 331, 66, 398]
R47[382, 210, 133, 65]
R48[392, 36, 99, 139, 268, 14]
R49[342, 26, 381, 154, 169]
R50[273, 355, 160]
R51[386, 179, 67]
R52[68, 236, 61, 182]
R53[351, 193]
R54[285, 195]
R55[47, 9, 12, 198, 136]
R56[365, 214, 212]
R57[209, 217, 206]
R58[29, 255, 70, 354]
R59[394, 364, 340, 267]
R60[333, 270]
R61[39, 62, 280]
R62[314, 141, 290, 222, 262]
R63[74, 339, 310]
R64[221, 151, 322]
R65[180, 266, 332]
R66[77, 357, 358]
R67[150, 87, 83, 366]
R68[16, 393]
R69[38, 32]
R70[203, 375, 33, 31]
R71[298, 49]
R72[371, 51]
R73[52]
R74[216, 54]
R75[69, 56]
R76[315, 63, 156]
R77[72]
R78[44, 73]
R79[326, 324, 88]
R80[186, 17, 92]
R81[301, 374, 97]
R82[5, 105]
R83[94, 189, 126]
R84[287]
R85[291]
R86[334]
R87[397, 343]
R88[360]
R89[23]
R90[80]
R91[114]
R92[286]
------------------------------------------
