 
------------------------------------------
HEURÍSTICA DE CONSTRUCCIÓN: CMT
COSTO TOTAL: 19028.37
TOTAL DE RUTAS: 71
TIEMPO DE EJECUCIÓN: 20851
 
R1[296, 461, 397, 349]
R2[205, 42, 112, 2, 298, 226, 457, 14]
R3[80, 102, 423, 466, 481, 272, 43, 72, 87, 370, 414, 394, 126]
R4[37, 318, 362, 96]
R5[376, 233, 500, 421, 416, 109, 321, 564, 218, 312, 392, 350]
R6[35, 287, 93, 165, 527, 373, 117, 590, 225, 528]
R7[309, 547, 211, 556]
R8[591, 209, 302, 54, 183, 431, 549, 586]
R9[208, 239, 575, 291, 389, 502, 100, 214, 418, 92, 594, 186]
R10[171, 257, 460, 67, 372, 491, 584, 396, 268, 434, 295, 196]
R11[473, 324, 563, 89, 156, 484, 107]
R12[9, 265, 63]
R13[333, 260, 113, 62, 294, 572, 391, 19, 193, 592]
R14[380, 398, 234, 337, 242, 191, 261, 546, 21, 577, 99]
R15[26, 169, 49, 341, 428, 32]
R16[518, 98, 227, 595, 236, 241, 104, 185, 445]
R17[306, 6, 385, 369, 585, 278, 145, 599, 477, 22, 427, 386]
R18[330, 47, 154, 475, 358, 50]
R19[525, 342, 415, 40, 155, 580, 45, 463, 412]
R20[31]
R21[315]
R22[355]
R23[194, 179, 496, 523, 420, 4, 138, 442, 571, 180, 28, 501]
R24[495, 387, 441, 232, 246, 569, 410, 534, 164, 304, 125]
R25[544, 339, 243, 573, 305, 371, 444, 553, 366, 536, 361, 254]
R26[52, 357, 554, 325, 541, 343, 263, 198, 432, 465, 81, 12]
R27[545, 459, 323, 207, 48, 379, 458, 561, 159, 503]
R28[454, 439, 426, 219, 1, 84, 395, 129, 46, 85]
R29[115, 199, 411]
R30[64, 66, 293, 58, 285, 300, 88, 436, 215, 346]
R31[124, 141, 555, 266, 151, 478, 73, 147, 356, 57, 583, 352]
R32[119, 192, 405, 248, 217, 328, 97, 79, 279, 311]
R33[106, 548, 499, 286, 206]
R34[453, 150, 16, 51, 449, 144, 274, 326, 513]
R35[327, 456, 462, 157, 438, 94, 95, 401, 161, 7, 483, 182]
R36[173, 10, 166, 177, 511, 235, 137, 17, 425, 202, 189, 228]
R37[429, 143, 559, 301, 276, 245, 364, 504, 422, 195, 430]
R38[355, 551, 267, 322, 472, 11, 382, 542, 187, 24, 540, 20]
R39[424, 319, 487]
R40[31, 149, 160, 110, 537, 383]
R41[593, 490, 30, 331, 332, 506, 68, 86, 313, 223, 597, 419, 197]
R42[181, 393, 178, 568, 384, 492, 354, 517, 23, 76]
R43[538, 116, 152, 512, 162, 375, 543, 253]
R44[133, 589, 292, 29, 204, 433, 578, 41, 486, 25, 174, 216]
R45[520, 83, 132, 307, 574, 153, 74, 212, 170, 65]
R46[516, 121, 229, 175, 60, 417, 222, 368, 404, 476, 247, 308, 338, 284]
R47[5, 413, 53, 530, 587, 448, 39, 567, 270, 440]
R48[374, 128, 108, 403, 531, 533, 69, 317]
R49[522, 524, 507, 148, 480, 203, 347, 508, 381]
R50[519, 344, 142, 27, 581, 451]
R51[262, 130, 190, 213, 290, 552, 277, 280, 479, 44]
R52[240, 105, 497, 139, 275, 249, 494, 82, 488, 210, 15, 509]
R53[437, 435, 101, 505, 91, 378, 259, 297]
R54[359, 176, 446, 409, 8, 407]
R55[400, 122, 237, 336, 255, 388, 406, 447, 230, 299]
R56[269, 220, 351, 588, 485, 521, 136, 539, 489, 288, 135]
R57[111, 566, 560, 510, 258, 167, 557, 256, 61, 468, 55]
R58[296, 201, 471, 596, 172, 408, 363, 550, 493, 377]
R59[450, 114, 70, 168, 3, 103, 535, 264]
R60[526, 78, 134, 498, 469, 353, 402, 184, 281, 231, 310, 558, 200]
R61[474, 36, 365]
R62[271, 283, 273, 514, 443]
R63[146, 163, 600, 367, 250, 252, 289, 579, 320]
R64[360, 90, 390]
R65[482, 455, 335, 470, 515, 123, 467, 565, 140]
R66[329, 452, 118, 13]
R67[18, 314, 570, 532, 282, 75, 158, 33, 127, 562, 56, 529, 399]
R68[224, 38, 303, 188, 598, 334, 316, 34, 131]
R69[120, 221, 59, 244]
R70[464, 348, 582, 77, 71, 238, 576, 345, 251]
R71[340]
------------------------------------------
