 
------------------------------------------
HEURÍSTICA DE CONSTRUCCIÓN: Sweep
COSTO TOTAL: 46203.55
TOTAL DE RUTAS: 57
TIEMPO DE EJECUCIÓN: 358
 
R1[122, 506, 197, 345, 340, 163, 146, 251, 464, 188]
R2[201, 540, 20, 598, 542, 334, 316, 471, 600, 367]
R3[75, 289, 158, 252, 596, 250, 579, 282, 320, 529]
R4[127, 562, 56, 33, 365, 99, 451, 581, 21, 298, 27, 576]
R5[238, 224, 14, 577, 77, 71, 142, 399]
R6[303, 348, 131, 344, 582, 457, 226, 34, 38, 503, 463]
R7[55, 61, 468, 159, 412, 155, 580, 45]
R8[256, 525, 342, 415, 561, 379, 234, 546, 2, 40, 261]
R9[458, 380, 398, 42, 111, 566, 191, 242, 205, 112]
R10[560, 337, 96, 48, 510, 519, 167, 557, 258, 315]
R11[37, 318, 362, 352, 323, 583, 57, 356, 147, 73, 459]
R12[478, 207, 545, 141, 151, 124, 270, 266, 555, 440, 567]
R13[413, 587, 530, 5, 64, 9, 31, 53, 149, 39]
R14[63, 383, 448, 66, 537, 265, 436, 215, 88, 160, 293, 110]
R15[317, 531, 58, 285, 8, 300, 69, 409, 346]
R16[407, 533, 374, 128, 359, 446, 176, 479, 44, 262]
R17[280, 135, 190, 130, 213, 552, 290, 287, 12, 288, 539, 277, 489]
R18[136, 465, 81, 432, 52, 93, 357, 485, 263, 554, 198]
R19[528, 343, 32, 225, 325, 165, 108, 541, 590, 117, 373]
R20[403, 521, 182, 428, 483, 599, 477, 35, 427]
R21[527, 7, 278, 585, 369, 145, 161, 386, 401, 385, 22]
R22[588, 6, 95, 400, 94, 219, 1, 85, 426, 84, 49, 351]
R23[395, 26, 169, 46, 439, 269, 129, 157, 438]
R24[306, 327, 456, 341, 454, 462, 220, 512, 152, 504]
R25[116, 162, 538, 195, 494, 375, 364, 543, 245]
R26[82, 422, 249, 559, 430, 301, 429, 143, 275, 276]
R27[253, 139, 172, 408, 363, 105, 550, 91, 497, 493]
R28[377, 378, 240, 271, 505, 126, 437, 101]
R29[435, 520, 394, 259, 488, 297, 466, 80, 272, 102]
R30[481, 423, 72, 87, 43, 370, 414, 192, 97, 405, 328]
R31[119, 217, 79, 248, 311, 279, 210, 283, 15, 563, 324, 89]
R32[273, 473, 480, 522, 183, 203, 347, 524, 507, 156]
R33[65, 484, 586, 591, 431, 107, 148, 209, 302, 54, 549, 556, 170]
R34[487, 547, 211, 115, 199, 411, 212, 16, 74]
R35[453, 150, 424, 514, 291, 309, 51, 574, 307]
R36[443, 319, 171, 132, 239, 236, 100, 241, 214, 575, 502, 153, 98, 418]
R37[548, 92, 389, 499, 83, 227, 208, 594, 106, 286, 104]
R38[206, 449, 274, 595, 185, 144, 551, 186, 326, 355]
R39[134, 518, 513, 445, 498, 267, 469, 353, 460, 491]
R40[372, 257, 67, 584, 322, 350, 508, 381, 392, 196, 268, 396]
R41[434, 295, 312, 321, 564, 532, 218, 500, 421, 109]
R42[416, 376, 233, 247, 121, 573, 305, 60, 371, 366, 516, 243]
R43[229, 228, 137, 175, 417, 222, 17, 339, 47, 553, 544, 476]
R44[177, 444, 194, 330, 179, 425, 536, 193, 189, 592, 260]
R45[202, 235, 511, 404, 333, 166, 10, 308, 173, 368, 338, 181]
R46[180, 393, 113, 76, 568, 517, 294, 496, 4, 19]
R47[452, 138, 384, 354, 62, 523, 501, 442, 178, 492]
R48[571, 420, 299, 572, 118, 23, 329, 28, 391, 284, 13]
R49[361, 254, 390, 402, 470, 184, 558, 360, 515, 455]
R50[335, 231, 78, 200, 123, 281, 187, 570, 526, 406, 314]
R51[140, 310, 90, 388, 565, 447, 509, 237, 230, 482, 419]
R52[467, 216, 336, 535, 486, 264, 25, 255, 174, 461, 103, 589]
R53[292, 41, 578, 349, 296, 3, 433, 29, 397, 133, 597, 313]
R54[168, 495, 18, 223, 70, 114, 450, 204, 593, 221, 86, 490]
R55[30, 331, 154, 125, 332, 59, 358, 475, 304]
R56[120, 164, 534, 410, 387, 472, 68, 50, 24, 232, 441, 569]
R57[36, 244, 11, 382, 474, 246]
------------------------------------------
