 
------------------------------------------
HEURÍSTICA DE CONSTRUCCIÓN: CMT
COSTO TOTAL: 19567.06
TOTAL DE RUTAS: 66
TIEMPO DE EJECUCIÓN: 18243
 
R1[354, 384, 517, 178, 393, 568, 181, 308, 338, 23]
R2[90, 360, 492, 13, 76, 452, 390, 329, 118, 284, 419]
R3[64, 66, 88, 436]
R4[163]
R5[200, 515, 558, 470, 402, 123, 184, 361, 254, 335, 455]
R6[348, 468, 576, 238, 77, 582, 71, 61, 131, 38]
R7[369, 385, 22, 145, 401, 95, 94, 6, 386, 161, 585]
R8[581, 27, 365, 451, 14, 226]
R9[285, 58, 300, 590, 117, 521, 400, 346, 293, 215]
R10[217, 405, 248, 328, 97, 79, 279, 311, 119, 192, 203, 347]
R11[298]
R12[2, 112, 42, 205, 519, 315, 191]
R13[345, 224, 303, 399, 256, 55, 59, 34]
R14[73, 478, 147, 57]
R15[396, 295]
R16[447, 187, 406, 388, 509, 299, 237, 230, 336]
R17[114, 450, 495, 133, 565, 482, 526, 310, 140, 78, 281]
R18[193, 355, 286, 499, 548, 106, 206, 551, 267, 322, 592]
R19[155, 580, 525, 45, 463]
R20[572, 19, 294]
R21[366, 544, 553, 339, 371, 536, 305, 243, 444, 573]
R22[466, 272, 423, 102, 80, 126, 394, 481, 72, 87, 43, 414, 370]
R23[9, 557, 560, 510, 566, 111, 258, 167, 398, 242, 318]
R24[577, 142, 457, 344, 546, 261, 380]
R25[100, 214, 92, 418, 239, 575, 208, 502, 291, 389, 594, 186]
R26[464, 197, 340, 251, 244, 120, 221, 18]
R27[74, 307, 132, 240, 488, 520, 139, 497, 105, 210, 494]
R28[550, 172, 253, 377, 271, 563, 324, 183, 89]
R29[63, 265, 31, 383, 96, 362, 337, 37, 149, 537, 160, 110]
R30[506, 332, 597, 313, 223, 30, 593, 490, 331, 68, 86]
R31[1, 219, 426, 84, 395, 85, 588, 351, 46, 439, 129]
R32[538, 152, 422, 245, 364, 195, 504, 559, 143]
R33[584]
R34[185, 104, 595, 518, 445, 547, 211, 309]
R35[417, 47, 516, 175, 60, 194, 179, 330, 476, 222, 229, 247, 121]
R36[266, 555, 151, 141, 124, 356, 352, 583]
R37[454, 220, 269, 341, 169, 26, 49]
R38[212, 487, 65, 15, 170, 574, 83, 153, 82, 249, 275]
R39[408, 493, 363, 375, 162, 543, 512, 116, 91]
R40[416, 137, 177, 17, 228, 425, 511, 235, 202, 166, 10, 173, 421, 321]
R41[201, 122, 471, 379, 382, 255, 503, 159, 561, 207, 48, 323]
R42[21, 600, 367, 234, 99, 320, 250, 579, 252]
R43[498, 513, 134, 274, 326, 449, 144, 469, 353, 51]
R44[446, 176, 190, 130, 213, 262, 479, 44, 359, 280, 407]
R45[541, 263, 198, 325, 343, 554, 357, 52, 465, 432, 81, 277]
R46[533, 128, 374, 290, 552, 8, 409, 69, 531, 12, 317]
R47[567, 413, 440, 270, 587, 39, 53, 5, 530, 448]
R48[415, 35, 527, 373, 165, 93, 40, 342, 225, 287]
R49[62, 391, 542, 32, 428, 485, 539, 136, 489, 288, 135]
R50[434, 532, 368, 420, 571, 442, 138, 496, 196, 4, 501, 523]
R51[163, 146, 188, 598, 529, 158, 316, 334, 56, 562, 75]
R52[387, 164, 534, 441, 232, 246, 204, 410, 125, 304, 569]
R53[241, 236, 227, 24, 319, 424, 98, 260, 472, 540]
R54[372, 150, 16, 453, 115, 199, 411, 443, 514, 171, 460, 591]
R55[157, 306, 327, 456, 462, 438, 528, 545, 459, 458]
R56[70, 168, 349, 296, 461, 397, 3, 589, 292, 535, 29, 264, 103, 433]
R57[278, 427, 182, 403, 599, 477, 483, 7, 108]
R58[584, 378, 412, 276, 430, 429, 301, 11, 596, 20, 578]
R59[302, 549, 54, 209, 148, 507, 556, 431, 586, 524, 156, 107]
R60[381, 350, 473, 484, 508, 392, 312, 564, 218]
R61[404, 491, 475, 358, 282, 289, 474, 257, 268, 180, 154, 127]
R62[505, 437, 435, 101, 259, 297, 480, 273]
R63[404, 28, 67, 50, 36, 33]
R64[216, 486, 41, 174, 25, 467, 231, 314, 570]
R65[109, 522, 283, 333, 113, 233, 500, 376]
R66[189]
------------------------------------------
