 
------------------------------------------
HEURÍSTICA DE CONSTRUCCIÓN: RandomMethod
COSTO TOTAL: 87851.05
TOTAL DE RUTAS: 58
TIEMPO DE EJECUCIÓN: 55
 
R1[510, 316, 485, 227, 250, 121, 488, 98, 551, 313, 185, 204]
R2[214, 377, 136, 584, 324, 17, 531, 38, 461]
R3[251, 239, 91, 543, 286, 421, 81, 384, 517, 296, 571]
R4[232, 157, 19, 35, 344, 559, 336, 415, 159, 593]
R5[399, 345, 499, 55, 386, 441, 96, 230, 375, 423]
R6[400, 389, 535, 311, 117, 580, 592, 380, 21, 536, 145, 506, 570, 15]
R7[133, 140, 487, 5, 16, 217, 360, 73, 532, 180, 350]
R8[26, 234, 116, 188, 529, 447, 167, 202, 178, 13]
R9[492, 208, 59, 494, 424, 258, 40, 172, 496]
R10[146, 205, 479, 213, 511, 572, 457, 349, 589, 412]
R11[328, 90, 50, 373, 578, 549, 249, 276, 519]
R12[569, 259, 308, 480, 359, 310, 466, 255, 104, 364]
R13[460, 468, 283, 561, 150, 526, 237, 361]
R14[433, 322, 195, 474, 348, 335, 48, 284, 248, 430]
R15[262, 264, 566, 586, 263, 135, 105, 273, 10, 80, 171, 524]
R16[184, 475, 53, 557, 542, 413, 78, 550, 254, 118, 290]
R17[371, 394, 362, 225, 439, 339, 391, 142, 594, 378, 124]
R18[465, 453, 338, 382, 301, 548, 418, 351, 483, 111, 169, 47]
R19[102, 74, 221, 109, 367, 392, 240, 563]
R20[597, 346, 334, 458, 174, 285, 341, 428, 49, 132, 502]
R21[490, 36, 503, 372, 71, 152, 151, 95, 275, 166, 495]
R22[139, 147, 87, 44, 325, 591, 164, 463, 530, 302, 12]
R23[443, 246, 395, 442, 459, 321, 478, 226, 575, 70, 56]
R24[165, 114, 482, 599, 126, 596, 229, 552, 277]
R25[77, 209, 507, 207, 527, 220, 66, 181, 516, 464, 128]
R26[427, 574, 429, 115, 41, 343, 397, 434, 469, 473, 319]
R27[125, 271, 585, 236, 274, 595, 446, 97, 156, 270]
R28[405, 305, 267, 323, 187, 379, 355, 222, 454, 320, 123, 155]
R29[119, 153, 244, 243, 129, 452, 381, 295, 201]
R30[54, 369, 297, 354, 25, 293, 112, 89, 556, 43]
R31[160, 266, 57, 82, 408, 508, 582, 228, 27]
R32[403, 175, 134, 356, 143, 501, 272, 280, 342, 368, 330, 72, 216]
R33[393, 63, 84, 554, 365, 292, 525, 101, 120, 385, 576, 6]
R34[481, 288, 1, 34, 203, 144, 218, 539, 513]
R35[86, 62, 2, 224, 199, 9, 42, 565, 491, 333, 107]
R36[223, 401, 471, 58, 332, 560, 451, 182, 85]
R37[407, 366, 432, 435, 522, 268, 92, 337, 583, 383]
R38[110, 317, 37, 416, 183, 544, 75, 448, 28, 476, 505]
R39[358, 306, 374, 462, 425, 444, 210, 329, 231, 521, 252, 600]
R40[191, 193, 241, 189, 353, 52, 100, 509, 528, 30, 51]
R41[577, 326, 538, 245, 426, 440, 298, 410, 533, 138, 573]
R42[162, 500, 309, 11, 388, 307, 163, 253, 470]
R43[520, 445, 3, 198, 39, 291, 149, 170, 219, 22]
R44[587, 106, 564, 340, 141, 567, 484, 581, 177, 61, 467]
R45[450, 154, 269, 404, 29, 14, 233, 192, 186, 562]
R46[537, 294, 406, 504, 260, 113, 387, 247, 553]
R47[211, 108, 148, 190, 315, 94, 158, 398, 314, 327, 168]
R48[518, 69, 489, 486, 588, 24, 472, 18, 131, 363]
R49[99, 402, 558, 414, 498, 7, 197, 438, 122, 352, 8, 437]
R50[265, 64, 523, 287, 449, 206, 76, 304, 590]
R51[256, 281, 455, 303, 88, 318, 20, 420, 579]
R52[331, 200, 547, 512, 545, 137, 33, 568, 83, 235]
R53[4, 194, 299, 598, 422, 514, 493, 103, 23, 196, 409]
R54[312, 261, 357, 278, 32, 242, 546, 93, 60, 65, 130]
R55[497, 376, 540, 282, 456, 417, 257, 396, 176, 31, 45]
R56[370, 212, 431, 419, 279, 300, 477, 515, 436, 68, 46, 411]
R57[289, 534, 79, 390, 67, 127, 238, 347, 555, 173, 161, 179, 215]
R58[541]
------------------------------------------
