 
------------------------------------------
HEURÍSTICA DE CONSTRUCCIÓN: CMT
COSTO TOTAL: 19388.95
TOTAL DE RUTAS: 67
TIEMPO DE EJECUCIÓN: 19013
 
R1[449, 144, 326, 513, 469, 353, 134, 498, 274, 573]
R2[5, 53, 448, 39, 413, 440, 587]
R3[577, 142, 261, 380, 234, 546, 344]
R4[567, 530, 270, 191]
R5[204, 441, 246, 232, 534, 569, 387, 164, 125, 304, 29, 589]
R6[54, 211, 556, 302, 209, 549, 591, 183, 431, 586, 547]
R7[540, 20, 472, 412, 542, 596, 11]
R8[132, 83, 574, 520, 307, 82, 74, 153, 105, 240, 139]
R9[260, 333, 113, 62, 294, 193, 592, 391]
R10[375, 363, 493, 408, 162, 512, 543, 253, 116]
R11[55, 38, 34, 582, 348, 468, 61, 256, 131]
R12[379, 503, 159, 458, 561, 48, 459, 485, 136]
R13[296, 103, 3, 397, 461, 349, 264, 570, 535]
R14[224, 576, 238, 77, 71]
R15[84, 85, 46, 129, 395, 454, 439, 1, 219, 426]
R16[527, 400, 35, 165, 590, 373, 117, 588, 49, 351]
R17[532, 295, 396, 268, 434, 584, 491]
R18[578, 41, 433, 174, 292, 25, 486, 216, 467, 482]
R19[471, 135, 539, 489, 288, 287, 528, 32, 225, 26, 169, 201]
R20[115, 453, 16, 199, 297, 378]
R21[479, 44, 280, 407, 262, 190]
R22[263, 325, 198, 81, 432, 465, 52]
R23[228, 17, 137, 416, 500, 376, 233, 421, 177]
R24[252, 289, 579, 320, 250, 367, 600, 99, 21]
R25[87, 72, 43, 414, 370, 481, 272, 423, 466, 102, 80, 394, 126]
R26[581, 365, 451, 27]
R27[411, 248, 217, 480, 283, 405, 119, 79, 192, 273]
R28[265, 317, 110, 63, 9]
R29[19, 572]
R30[196, 257, 67, 372, 460, 366, 305, 243, 339, 544, 553]
R31[399, 303]
R32[477, 599, 427, 483, 182, 403, 108, 7, 278, 369, 585]
R33[291, 594, 186, 100, 502, 92, 389, 214, 575, 208, 239, 418]
R34[213, 130, 552, 290, 12, 277]
R35[450, 495, 133, 114, 70, 168, 410]
R36[73, 478, 151, 555, 266, 141, 147, 57, 356, 124, 352, 583]
R37[51, 150, 514, 443, 171, 311, 259, 328, 97, 279, 505]
R38[4, 138, 442, 420, 571, 496, 368, 501, 523]
R39[122, 382, 24, 255, 336, 187, 447, 237, 230, 406, 509]
R40[564, 381, 321, 508, 392, 350, 312, 484, 107, 347, 309, 507]
R41[184, 254, 361, 515, 200, 402, 470, 558, 123, 335, 455]
R42[510, 258, 167, 557, 560, 566, 111, 88, 300, 436, 58]
R43[358, 154, 475, 50, 36, 474, 163, 146, 188]
R44[343, 541, 357, 554, 269, 220, 521, 341]
R45[221, 59, 18, 120, 244, 197, 340, 464, 251, 345]
R46[452, 568, 76, 181, 393, 517, 354, 178, 329, 118]
R47[14, 298, 226, 457, 112, 205, 42, 2, 315]
R48[383, 31, 519, 362, 96, 318, 37, 149, 537, 337]
R49[143, 195, 364, 245, 301, 429, 559, 422, 430, 276, 504]
R50[207, 323, 545, 388, 299, 497, 494, 275, 210, 428]
R51[529, 316, 56, 562, 33, 127, 282, 75, 158, 598, 334, 242]
R52[180, 404, 231, 444, 371, 536, 78, 526, 140, 314, 281]
R53[456, 327, 306, 157, 438, 462, 94, 95, 6, 22, 385]
R54[286, 499, 548, 206, 106, 424, 319, 551, 355, 267, 65]
R55[359, 176, 446, 386, 401, 161, 145, 128, 374, 533, 69, 409, 8, 531]
R56[399, 398, 160, 565, 310]
R57[10, 173, 511, 235, 247, 60, 121, 516, 47, 417, 175, 229, 222]
R58[331, 435, 437, 101, 91, 152, 550, 487]
R59[89, 563, 473, 156, 324, 271, 538, 377]
R60[98, 241, 236, 227]
R61[330, 194, 476, 179, 28]
R62[155, 580, 40, 415, 525, 342, 45, 463, 506, 488]
R63[293, 285, 93, 346, 215, 66, 64]
R64[166, 202, 425, 189, 284, 13, 593, 30, 68, 490, 86, 332]
R65[595, 518, 384, 23, 360, 492, 223, 313, 597, 419, 338]
R66[524, 322, 212, 170, 15, 249, 172, 90, 390]
R67[185, 308, 218, 522, 203, 148, 445, 104, 109]
------------------------------------------
