 
------------------------------------------
HEURÍSTICA DE CONSTRUCCIÓN: NearestNeighborWithRLC
COSTO TOTAL: 58393.34
TOTAL DE RUTAS: 57
TIEMPO DE EJECUCIÓN: 5642
 
R1[2, 598, 593, 600, 581, 589, 3, 587, 1, 588]
R2[596, 4, 5, 567, 583, 599, 6, 7, 597, 592, 8]
R3[590, 585, 582, 580, 595, 591, 594, 575, 572, 586, 584, 9, 566]
R4[10, 579, 578, 573, 577, 12, 560, 557, 562, 546, 457]
R5[571, 576, 564, 518, 574, 551, 568, 548, 517, 492]
R6[525, 542, 561, 11, 545, 563, 559, 570, 569, 13, 549]
R7[565, 558, 14, 554, 552, 541, 555, 556, 550, 547, 524]
R8[553, 536, 16, 544, 17, 523, 535, 543, 15, 19, 540]
R9[18, 539, 21, 533, 22, 20, 528, 521, 538]
R10[522, 532, 534, 495, 537, 530, 531, 24, 520]
R11[527, 510, 529, 516, 514, 526, 23, 519, 478, 483, 479]
R12[477, 465, 468, 506, 513, 515, 512, 25, 486, 511, 508]
R13[507, 505, 509, 504, 503, 499, 500, 502, 497, 494, 501]
R14[496, 498, 491, 480, 484, 481, 26, 493, 27, 28]
R15[490, 488, 487, 485, 472, 489, 30, 476, 31, 448, 482]
R16[467, 292, 475, 474, 358, 334, 464, 473, 471, 469]
R17[461, 455, 470, 433, 216, 460, 466]
R18[459, 463, 458, 454, 462, 456, 446, 451, 450, 441, 410, 453]
R19[452, 449, 444, 434, 447, 436, 415, 412]
R20[391, 425, 443, 29, 445, 437, 33, 399, 303, 256]
R21[440, 432, 438, 427, 439, 32, 288, 287, 34, 398]
R22[380, 413, 442, 420, 431, 430, 429, 435, 424, 428, 225]
R23[136, 426, 419, 421, 418, 422, 423, 416, 414, 35, 409]
R24[403, 407, 383, 37, 367, 404, 417, 396, 36, 397]
R25[411, 408, 405, 38, 406, 388, 400, 401, 39, 362, 374]
R26[386, 40, 394, 402, 387, 395, 392, 41, 381, 393]
R27[389, 370, 87, 272, 384, 376, 382, 43, 379, 342]
R28[45, 390, 378, 42, 365, 359, 176, 385, 369]
R29[44, 357, 373, 351, 360, 355, 377, 372, 371, 46, 356, 368]
R30[366, 375, 47, 364, 354, 350, 363, 347, 361, 352, 349, 353, 348, 340]
R31[345, 344, 343, 346, 341, 338, 336, 49, 323, 48]
R32[333, 332, 337, 50, 331, 52, 327, 335, 51]
R33[328, 311, 330, 321, 329, 326, 309, 324, 209, 322]
R34[325, 339, 316, 320, 318, 317, 53, 298, 315, 289, 314]
R35[312, 319, 54, 313, 56, 293, 300, 285, 308, 294, 307]
R36[302, 305, 57, 304, 296, 310, 282, 258, 167, 290, 55, 251]
R37[252, 261, 284, 291, 286, 301, 283, 297, 279, 295, 274]
R38[281, 264, 270, 280, 59, 244, 238, 131, 61]
R39[265, 60, 276, 273, 58, 269, 220, 299, 277]
R40[263, 278, 266, 262, 306, 63, 242, 268, 271, 275]
R41[267, 62, 64, 260, 66, 65, 255, 249]
R42[259, 253, 68, 247, 235, 257, 254, 250, 226, 205, 234, 69]
R43[219, 241, 67, 71, 70, 72, 248, 243, 232, 73, 246, 231, 229]
R44[245, 74, 76, 240, 237, 233, 236, 228, 75, 224, 239]
R45[230, 227, 77, 223, 222, 78, 218, 214, 79, 217, 221]
R46[81, 213, 208, 206, 80, 212, 210, 82, 139, 211, 215, 169]
R47[165, 155, 201, 202, 204, 84, 207, 187, 122, 159, 135]
R48[193, 178, 181, 197, 83, 203, 200, 199, 198, 191, 188, 194]
R49[189, 186, 185, 196, 192, 183, 180, 184]
R50[190, 182, 85, 161, 163, 179, 175, 177, 86, 90, 173, 88, 170]
R51[89, 91, 92, 94, 160, 149, 158, 174, 172, 93]
R52[157, 95, 195, 171, 150, 156, 168, 96, 164, 166, 137]
R53[154, 127, 151, 142, 147, 141, 146, 99]
R54[140, 98, 104, 97, 152, 143, 100, 162, 126, 101]
R55[102, 106, 132, 153, 148, 119, 144, 138, 121, 134, 133, 103]
R56[125, 107, 120, 130, 145, 128, 124, 129, 117, 105, 113, 118]
R57[123, 114, 112, 108, 110, 115, 109, 116, 111]
------------------------------------------
