 
------------------------------------------
HEURÍSTICA DE CONSTRUCCIÓN: RandomMethod
COSTO TOTAL: 86852.48
TOTAL DE RUTAS: 57
TIEMPO DE EJECUCIÓN: 64
 
R1[525, 60, 13, 553, 415, 336, 554, 277, 156]
R2[266, 505, 394, 572, 155, 213, 408, 404, 259, 34]
R3[329, 103, 325, 283, 507, 18, 560, 115, 51, 284, 231]
R4[599, 149, 247, 333, 551, 58, 289, 452, 79, 33, 291]
R5[219, 497, 196, 443, 271, 514, 535, 296, 419, 328, 449]
R6[576, 6, 151, 483, 326, 127, 431, 481, 82, 343, 486, 469, 143, 363]
R7[225, 211, 236, 160, 337, 332, 50, 29, 63, 556, 240]
R8[318, 352, 588, 573, 540, 334, 14, 306, 523, 315, 482, 139]
R9[45, 375, 583, 72, 298, 1, 365, 226, 358, 500]
R10[364, 402, 5, 335, 193, 349, 459, 539, 521, 590]
R11[36, 268, 591, 384, 188, 262, 273, 279, 15]
R12[434, 221, 181, 232, 589, 70, 111, 353, 350, 234, 295, 344]
R13[270, 346, 378, 578, 38, 436, 256, 190, 462, 549, 120, 537]
R14[260, 170, 59, 208, 248, 597, 466, 255, 582]
R15[407, 177, 485, 75, 267, 90, 214, 290, 203, 254]
R16[61, 400, 340, 369, 440, 314, 303, 396, 204, 185]
R17[136, 385, 567, 123, 2, 126, 536, 162, 168, 117, 108, 84]
R18[101, 44, 74, 380, 444, 495, 165, 399, 488, 555]
R19[355, 300, 99, 347, 372, 106, 159, 272, 577, 305, 428]
R20[544, 200, 450, 598, 351, 475, 439, 574, 201, 570, 418]
R21[198, 145, 141, 383, 547, 239, 71, 95, 119, 11, 246, 458, 562]
R22[265, 366, 97, 25, 377, 457, 116, 8, 133, 28]
R23[56, 471, 308, 114, 467, 417, 125, 30, 564, 39]
R24[180, 199, 263, 40, 171, 167, 433, 132, 286, 189]
R25[445, 278, 100, 212, 191, 264, 391, 237, 357, 581, 361]
R26[23, 492, 313, 210, 321, 104, 359, 287, 584, 21, 216, 327]
R27[257, 252, 579, 397, 169, 128, 559, 27]
R28[398, 569, 297, 16, 96, 446, 515, 528, 73, 78, 395]
R29[77, 46, 421, 339, 374, 93, 89, 499, 595, 437]
R30[441, 392, 585, 594, 516, 4, 465, 527, 68, 22, 442, 381]
R31[558, 341, 393, 292, 511, 37, 504, 166, 312, 451, 510, 17]
R32[376, 531, 64, 425, 529, 491, 423, 338, 137, 238]
R33[494, 411, 592, 19, 245, 464, 293, 43, 299, 484, 202]
R34[86, 463, 179, 35, 304, 517, 546, 274, 118]
R35[519, 487, 110, 91, 477, 401, 55, 420, 447]
R36[12, 192, 122, 538, 301, 453, 109, 552, 228]
R37[489, 85, 135, 382, 479, 131, 386, 545, 207, 426, 319]
R38[7, 474, 470, 154, 526, 506, 498, 48, 307]
R39[596, 205, 342, 107, 390, 461, 294, 80, 113, 49]
R40[174, 280, 66, 31, 448, 580, 354, 371, 92, 94, 222]
R41[379, 455, 269, 153, 217, 320, 98, 173, 550, 230, 302, 548, 389]
R42[575, 563, 522, 368, 224, 356, 561, 331, 243, 138]
R43[249, 542, 370, 348, 172, 187, 54, 476, 543, 121]
R44[158, 57, 373, 183, 285, 261, 480, 87, 130, 164, 410, 473, 241]
R45[197, 587, 47, 215, 276, 367, 161, 388, 518, 593, 282, 409, 244]
R46[317, 424, 206, 478, 438, 532, 493, 490, 251, 323]
R47[81, 258, 178, 3, 152, 147, 65, 571]
R48[281, 41, 413, 112, 124, 175, 223, 508, 405, 316, 416]
R49[501, 503, 176, 32, 422, 512, 566, 144, 83, 163, 9, 76]
R50[412, 157, 513, 148, 429, 406, 69, 524, 62]
R51[24, 496, 502, 509, 427, 309, 52, 220, 288, 102, 235, 565]
R52[403, 533, 362, 42, 140, 88, 253, 586, 20, 184]
R53[345, 233, 150, 534, 227, 430, 330, 134, 195, 129]
R54[600, 468, 310, 460, 142, 194, 182, 242, 541, 456, 414, 67]
R55[557, 53, 10, 454, 432, 530, 146, 275, 435]
R56[186, 324, 311, 26, 568, 520, 322]
R57[387, 472, 250, 218, 105, 360, 209, 229]
------------------------------------------
