 
------------------------------------------
HEURÍSTICA DE CONSTRUCCIÓN: RandomMethod
COSTO TOTAL: 88053.2
TOTAL DE RUTAS: 57
TIEMPO DE EJECUCIÓN: 54
 
R1[420, 385, 583, 86, 195, 89, 450, 475, 258, 411]
R2[493, 295, 515, 542, 346, 33, 536, 318, 319, 518, 549]
R3[24, 56, 562, 379, 132, 155, 203, 65, 131, 288, 179]
R4[293, 397, 336, 519, 147, 447, 367]
R5[227, 294, 482, 589, 303, 497, 543, 192, 551, 378]
R6[166, 383, 521, 509, 219, 119, 276, 162, 535, 211, 48, 242]
R7[525, 161, 241, 565, 180, 104, 280, 431, 176, 173, 118, 94]
R8[26, 234, 424, 478, 464, 421, 111, 374, 456, 439]
R9[472, 142, 23, 496, 599, 528, 146, 442, 153, 232]
R10[253, 196, 445, 596, 120, 135, 191, 267, 581]
R11[45, 285, 485, 410, 405, 571, 278, 79, 495, 414, 462]
R12[108, 206, 507, 178, 444, 550, 273, 71, 499, 392, 322]
R13[517, 292, 353, 214, 312, 409, 121, 62, 362, 27, 595, 593]
R14[96, 270, 532, 107, 263, 291, 340, 511, 124, 568, 183]
R15[69, 592, 502, 533, 61, 34, 184, 250, 476, 454, 226]
R16[4, 189, 417, 325, 408, 443, 221, 326]
R17[534, 487, 84, 64, 527, 63, 327, 395]
R18[102, 376, 348, 122, 412, 85, 584, 38, 8, 552]
R19[455, 301, 440, 434, 538, 452, 310, 544, 187]
R20[55, 365, 590, 60, 306, 76, 355, 401, 407, 283]
R21[572, 501, 556, 182, 425, 453, 458, 19, 512, 390, 372]
R22[546, 332, 32, 245, 513, 313, 185, 335, 344]
R23[437, 548, 213, 101, 451, 229, 125, 422, 363, 402]
R24[199, 586, 123, 103, 299, 129, 580, 468, 520, 70, 5, 58]
R25[152, 35, 87, 304, 218, 145, 337, 471, 208, 83, 198]
R26[435, 66, 97, 265, 557, 141, 52, 428, 404]
R27[175, 560, 25, 54, 351, 479, 254, 441, 555, 115, 53, 567, 74]
R28[50, 159, 57, 157, 177, 416, 582, 149, 573, 190, 494, 160]
R29[282, 78, 296, 3, 249, 80, 311, 243, 236, 269, 339]
R30[341, 526, 171, 503, 95, 257, 600, 174, 223, 148, 576, 143]
R31[577, 419, 275, 75, 522, 465, 473, 237, 105, 481, 514]
R32[474, 399, 545, 366, 490, 200, 100, 570, 16, 277, 598]
R33[413, 181, 127, 575, 51, 262, 114, 396, 90, 29, 357, 316, 31]
R34[210, 14, 224, 529, 73, 430, 167, 389, 169, 356, 163]
R35[388, 1, 164, 68, 49, 432, 530, 438, 349, 134, 597]
R36[193, 259, 591, 391, 466, 320, 587, 67, 516, 2]
R37[307, 563, 314, 268, 350, 553, 128, 158, 202, 354, 235, 300]
R38[256, 205, 486, 209, 7, 220, 467, 110, 170, 261]
R39[11, 505, 92, 368, 524, 309, 347, 297, 113, 251, 28]
R40[59, 489, 566, 338, 375, 126, 225, 13, 99, 298, 460, 252]
R41[287, 564, 207, 330, 260, 151, 382, 506, 448, 21, 323, 588]
R42[36, 317, 352, 284, 41, 255, 394, 324, 423, 272, 156, 116]
R43[10, 578, 188, 72, 150, 81, 358, 40, 137, 91]
R44[331, 569, 302, 43, 244, 109, 446, 289, 491, 204, 343, 130, 369]
R45[523, 415, 498, 37, 39, 117, 594, 6, 579, 426, 246, 345]
R46[112, 561, 315, 172, 469, 380, 483, 42, 461]
R47[216, 106, 93, 386, 266, 531, 398, 308, 470]
R48[12, 554, 144, 140, 361, 279, 248, 47, 342, 88, 286, 504, 457]
R49[98, 459, 305, 77, 574, 217, 427, 537, 329, 377, 480]
R50[463, 371, 194, 240, 17, 247, 360, 540, 508, 168, 449]
R51[197, 30, 186, 82, 201, 138, 281, 215, 239, 44]
R52[136, 384, 264, 393, 406, 436, 500, 22, 15]
R53[139, 18, 373, 274, 228, 585, 230, 559, 433, 333]
R54[492, 154, 233, 510, 165, 547, 364, 222]
R55[328, 231, 387, 429, 238, 334, 290, 133]
R56[403, 321, 370, 484, 558, 381, 488, 9, 541, 477]
R57[212, 271, 418, 359, 20, 539, 46, 400]
------------------------------------------
