 
------------------------------------------
HEURÍSTICA DE CONSTRUCCIÓN: NearestNeighborWithRLC
COSTO TOTAL: 58639.46
TOTAL DE RUTAS: 57
TIEMPO DE EJECUCIÓN: 5921
 
R1[600, 598, 593, 1, 599, 590, 2, 587, 589, 584, 532]
R2[513, 573, 570, 565, 3, 583, 567, 585, 554, 566, 4, 596, 5]
R3[579, 597, 595, 591, 586, 582, 594, 588, 592, 581]
R4[577, 578, 571, 580, 575, 572, 574, 576, 562, 568, 564, 569, 558]
R5[557, 555, 537, 533, 560, 552, 541, 479, 546, 534]
R6[563, 561, 6, 401, 386, 483, 477, 427, 403, 182, 108]
R7[531, 8, 446, 465, 432, 539, 548, 559, 553, 550, 551, 542, 545]
R8[556, 543, 547, 544, 535, 530, 448, 529, 510]
R9[399, 475, 523, 536, 526, 524, 549, 538, 528, 540, 525]
R10[521, 7, 10, 527, 506, 9, 519, 516, 518]
R11[522, 517, 520, 11, 509, 512, 13, 511, 508, 514]
R12[14, 515, 507, 505, 504, 503, 497, 502, 15, 501]
R13[500, 421, 416, 499, 494, 492, 496, 495, 498, 469, 493]
R14[16, 491, 490, 463, 489, 12, 478, 482, 486, 476, 484, 480]
R15[18, 19, 488, 487, 17, 481, 473, 20, 472]
R16[485, 471, 459, 21, 468, 474, 464, 452, 466, 447]
R17[458, 382, 428, 415, 412, 436, 454, 462, 456, 457, 22, 451]
R18[461, 23, 445, 467, 470, 460, 453, 450]
R19[24, 442, 449, 25, 27, 441, 410, 444, 455, 433]
R20[420, 443, 28, 29, 417, 437, 30, 431, 435, 434]
R21[440, 439, 26, 400, 31, 438, 426, 409]
R22[407, 413, 425, 418, 32, 288, 419, 424, 429, 423, 422]
R23[414, 430, 33, 404, 411, 405, 396, 397, 387, 371]
R24[408, 34, 348, 393, 35, 395, 398, 383, 374, 380]
R25[365, 367, 344, 362, 37, 359, 369, 385, 343, 373, 36]
R26[39, 368, 402, 361, 335, 392, 38, 406, 40, 390, 389, 394, 272, 391]
R27[384, 381, 376, 388, 379, 377, 375]
R28[364, 378, 372, 370, 363, 366, 358, 360, 354, 350, 41, 356, 352]
R29[315, 337, 357, 351, 355, 347, 42, 353, 43, 349, 45, 44]
R30[325, 346, 345, 342, 341, 340, 334, 46, 332]
R31[336, 338, 333, 329, 48, 47, 330, 326, 328]
R32[311, 302, 324, 321, 50, 339, 314, 320, 331, 322, 51]
R33[318, 270, 317, 327, 306, 290, 280, 277, 52, 323]
R34[49, 313, 316, 312, 319, 54, 308, 303, 300, 293, 285]
R35[55, 256, 298, 53, 266, 310, 309, 305, 56, 282, 296]
R36[295, 297, 304, 57, 289, 292, 281, 294, 307]
R37[59, 284, 260, 58, 269, 299, 286, 291, 267, 301]
R38[60, 61, 251, 261, 278, 265, 63, 62, 255, 287, 230]
R39[237, 249, 65, 276, 283, 279, 64, 275]
R40[271, 67, 273, 268, 264, 257, 259, 253, 274, 258, 262]
R41[263, 213, 198, 242, 252, 246, 247, 250, 238, 244]
R42[224, 221, 202, 245, 241, 239, 66, 240, 69, 234, 226]
R43[205, 70, 243, 254, 248, 236, 233, 229, 235, 68, 223]
R44[228, 71, 72, 74, 232, 73, 216, 231, 222, 227, 218, 194]
R45[217, 211, 214, 210, 225, 219, 220, 215, 165, 169, 207, 76]
R46[212, 75, 197, 209, 77, 206, 208, 203, 196, 199, 171]
R47[192, 185, 189, 195, 186, 181, 179, 188, 204]
R48[79, 193, 191, 201, 190, 200, 78, 183, 177, 80, 172, 187, 122]
R49[170, 180, 81, 176, 184, 178, 82, 139, 132, 175]
R50[174, 84, 173, 166, 137, 167, 163, 164, 160, 168, 162, 83, 155, 85]
R51[130, 157, 86, 159, 158, 161, 156, 107, 154, 88, 87, 153]
R52[152, 89, 148, 144, 146, 151, 150, 134]
R53[142, 90, 135, 93, 149, 141, 133, 147]
R54[140, 145, 95, 143, 116, 126, 102, 100, 91, 121, 131]
R55[92, 136, 128, 110, 138, 125, 96, 127, 129, 124]
R56[114, 120, 119, 123, 97, 118, 98, 117, 94, 99]
R57[112, 103, 101, 104, 109, 115, 113, 105, 106, 111]
------------------------------------------
