 
------------------------------------------
HEURÍSTICA DE CONSTRUCCIÓN: NearestNeighborWithRLC
COSTO TOTAL: 57024.2
TOTAL DE RUTAS: 57
TIEMPO DE EJECUCIÓN: 6434
 
R1[2, 600, 598, 597, 595, 593, 594, 596, 1, 590]
R2[588, 599, 585, 554, 3, 592, 591, 5, 583, 587, 581, 584]
R3[532, 586, 589, 582, 579, 577, 4, 576, 575, 578, 571, 580, 572]
R4[568, 573, 570, 567, 555, 569, 566, 562, 564, 565, 558, 563, 574, 561]
R5[560, 552, 541, 479, 537, 533, 531, 8, 546, 557]
R6[529, 510, 530, 448, 440, 483, 477, 427, 278, 369, 401]
R7[386, 465, 426, 7, 403, 385, 22, 6, 462, 542, 559, 556]
R8[551, 517, 550, 10, 549, 553, 548, 547, 544]
R9[538, 545, 540, 539, 528, 527, 11, 520, 525]
R10[521, 9, 446, 519, 536, 535, 515, 526, 524, 523]
R11[543, 13, 522, 516, 518, 534, 495, 514, 512, 511]
R12[513, 14, 509, 12, 506, 508, 507, 500, 421, 502, 504]
R13[15, 503, 497, 505, 493, 484, 491, 501, 496, 498, 17]
R14[499, 424, 492, 494, 488, 490, 463, 489, 472, 487]
R15[485, 471, 468, 464, 476, 482, 18, 19, 447]
R16[480, 473, 481, 466, 459, 458, 475, 474, 486, 470]
R17[469, 460, 453, 461, 16, 455, 467, 21, 478, 457]
R18[20, 428, 454, 23, 452, 451, 456, 439, 450]
R19[449, 445, 443, 444, 442, 434, 441, 438, 436, 415]
R20[437, 24, 435, 433, 410, 397, 387]
R21[432, 413, 425, 430, 431, 429, 422, 423, 420, 419, 417, 416, 414]
R22[26, 418, 408, 405, 411, 25, 27, 399]
R23[412, 409, 400, 407, 398, 404, 402, 396, 392, 393, 394]
R24[406, 28, 391, 384, 30, 390, 388, 395, 389]
R25[381, 29, 380, 367, 344, 362, 337, 383, 374, 373, 351, 382]
R26[342, 379, 377, 375, 372, 376, 370, 378, 371, 366, 31]
R27[359, 357, 365, 368, 358, 345, 360, 350, 33, 354, 355]
R28[34, 340, 334, 316, 356, 352, 325, 346, 348, 332, 35, 343]
R29[327, 318, 37, 361, 364, 363, 353, 347, 36, 338, 333]
R30[32, 288, 341, 38, 331, 349, 314, 339, 39, 330, 329, 322]
R31[328, 335, 326, 321, 336, 323, 324, 41, 320]
R32[317, 303, 313, 308, 312, 309, 40, 300, 319, 43, 311]
R33[310, 44, 42, 306, 315, 305, 296, 298, 292, 295, 307, 299]
R34[294, 286, 302, 283, 297, 301, 304, 293, 291, 276, 284]
R35[260, 289, 282, 290, 285, 46, 280, 277, 45, 48]
R36[287, 272, 275, 271, 281, 268, 47, 274, 273, 259, 253]
R37[248, 279, 257, 264, 254, 246, 261, 266, 265, 263, 50]
R38[262, 49, 269, 225, 52, 258, 256, 252, 270, 251]
R39[255, 249, 245, 241, 239, 237, 247, 244, 267, 240]
R40[238, 250, 243, 242, 234, 226, 235, 51, 233, 229]
R41[236, 232, 53, 205, 213, 224, 131, 77, 71, 61]
R42[230, 55, 223, 228, 54, 231, 56, 197, 227, 221]
R43[59, 222, 217, 211, 218, 216, 204, 200, 196, 199, 215, 220]
R44[169, 219, 198, 191, 167, 202, 189, 186, 214, 209]
R45[212, 208, 210, 58, 190, 188, 180, 194, 206, 201]
R46[193, 207, 187, 170, 203, 192, 195, 181, 178, 173, 185]
R47[60, 62, 179, 177, 175, 184, 174, 171, 172]
R48[183, 168, 164, 182, 161, 176, 157, 165, 166, 158, 154]
R49[149, 160, 110, 63, 163, 156, 162, 152, 159, 139]
R50[153, 132, 143, 155, 136, 64, 66, 146]
R51[142, 127, 147, 57, 151, 145, 141, 140, 138, 150]
R52[148, 119, 144, 137, 120, 135, 122, 113, 118, 65, 130]
R53[128, 129, 93, 68, 67, 133, 69, 124, 134, 123, 125]
R54[114, 70, 121, 116, 72, 115, 126, 109, 117, 90, 74, 106]
R55[102, 104, 107, 100, 112, 73, 108, 76, 98, 101]
R56[91, 79, 97, 103, 111, 75, 96, 81, 99, 95, 78]
R57[92, 89, 80, 87, 82, 83, 86, 85, 88, 94, 84, 105]
------------------------------------------
