 
------------------------------------------
HEURÍSTICA DE CONSTRUCCIÓN: SaveParallel
COSTO TOTAL: 13678.65
TOTAL DE RUTAS: 57
TIEMPO DE EJECUCIÓN: 1951639
 
R1[386, 6, 385, 22, 94, 95, 401, 161, 145, 369, 585, 278]
R2[505, 91, 378, 101, 437, 435, 259, 297]
R3[82, 497, 249, 494, 275, 139, 105, 240, 488, 520, 210]
R4[184, 254, 402, 361, 470, 558, 515, 200, 123, 335, 455]
R5[538, 152, 512, 116, 162, 375, 543, 253]
R6[458, 379, 459, 545, 207, 323, 48, 561, 159, 503]
R7[276, 429, 143, 559, 301, 245, 364, 504, 195, 422, 430]
R8[153, 83, 132, 307, 574, 74, 15, 65, 170, 212, 487]
R9[583, 352, 57, 356, 147, 73, 478, 151, 266, 555, 141, 124]
R10[343, 541, 157, 306, 327, 456, 462, 438, 325, 198, 263]
R11[410, 125, 304, 164, 534, 232, 441, 246, 387, 569]
R12[269, 220, 341, 26, 169, 49, 351, 400, 588, 117]
R13[43, 423, 102, 80, 126, 394, 466, 272, 481, 72, 87, 370, 414]
R14[187, 11, 472, 24, 382, 122, 201, 471, 596, 542, 540, 20]
R15[353, 469, 498, 513, 326, 449, 144, 274, 134, 460]
R16[190, 130, 213, 12, 81, 432, 52, 357, 554, 465, 290, 552, 277]
R17[589, 204, 29, 292, 174, 433, 578, 41, 216, 486, 25, 467, 535]
R18[176, 446, 7, 427, 477, 599, 483, 182, 403, 108, 128, 374]
R19[148, 507, 524, 203, 522, 273, 283, 347, 183, 591]
R20[271, 377, 172, 550, 363, 408, 493, 324, 586]
R21[349, 103, 264, 482, 314, 140, 310, 526, 565, 281, 78, 231, 570]
R22[322, 355, 267, 551, 206, 286, 106, 319, 424, 548, 499]
R23[293, 346, 521, 590, 527, 35, 373, 165, 93]
R24[362, 587, 440, 413, 5, 53, 39, 448, 530, 567, 270]
R25[525, 40, 342, 415, 412, 463, 45, 580, 155]
R26[594, 389, 502, 92, 214, 100, 291, 575, 239, 418, 208, 186]
R27[2, 112, 205, 315, 519, 42, 226, 457, 142]
R28[62, 113, 333, 260, 193, 592, 19, 572, 294, 391]
R29[404, 532, 396, 584, 491, 372, 67, 257, 196, 434, 268, 295]
R30[368, 366, 305, 243, 371, 573, 444, 553, 339, 544, 536, 442]
R31[9, 265, 63, 31, 149, 383, 537, 160, 110, 317, 531, 167]
R32[506, 255, 336, 447, 230, 237, 509, 388, 299, 406]
R33[381, 350, 484, 156, 473, 563, 89, 107, 431, 549, 508]
R34[121, 171, 443, 514, 411, 199, 115, 453, 16, 150, 51, 229]
R35[247, 279, 311, 79, 97, 328, 248, 217, 192, 405, 119, 480]
R36[218, 312, 392, 54, 209, 302, 556, 211, 547, 309]
R37[99, 21, 577, 344, 451, 27, 14, 298, 581, 365]
R38[421, 518, 595, 104, 227, 236, 241, 98, 185, 445]
R39[28, 420, 571, 138, 496, 4, 501, 523, 180]
R40[330, 47, 417, 60, 516, 175, 222, 476, 194, 179]
R41[390, 178, 354, 517, 384, 492, 23, 360, 90, 419]
R42[425, 17, 137, 228, 233, 376, 500, 416, 109, 321, 564, 177]
R43[284, 329, 118, 452, 568, 181, 393, 76, 308, 338, 13]
R44[348, 64, 66, 215, 58, 285, 300, 436, 88, 468]
R45[426, 219, 1, 84, 395, 439, 454, 129, 46, 85, 61]
R46[166, 189, 202, 10, 173, 235, 511]
R47[38, 280, 479, 44, 262, 359, 533, 69, 409, 8, 407]
R48[234, 398, 242, 318, 37, 96, 337, 380, 191, 261, 546, 127]
R49[34, 55, 256, 111, 566, 560, 510, 258, 557, 399]
R50[158, 282, 289, 320, 579, 252, 250, 367, 600, 163]
R51[461, 296, 397, 168, 3, 133, 495, 450, 114, 70, 474, 146]
R52[36, 50, 358, 475, 154]
R53[334, 316, 56, 33, 562, 529, 75, 598, 188]
R54[464, 576, 238, 77, 582, 71, 131, 224, 303]
R55[197, 225, 528, 32, 428, 485, 136, 489, 539, 288, 287, 135]
R56[244, 86, 490, 593, 223, 313, 597, 332, 331, 30, 68, 120]
R57[345, 251, 340, 18, 221, 59]
------------------------------------------
