 
------------------------------------------
HEURÍSTICA DE CONSTRUCCIÓN: NearestNeighborWithRLC
COSTO TOTAL: 58089.25
TOTAL DE RUTAS: 58
TIEMPO DE EJECUCIÓN: 5701
 
R1[2, 598, 582, 1, 590, 597, 4, 5, 599, 483]
R2[585, 6, 600, 581, 589, 587, 579, 595, 594, 593, 592]
R3[596, 591, 3, 583, 577, 584, 586, 580, 576, 566, 562, 560, 510]
R4[557, 318, 398, 546, 571, 588, 572, 575, 8, 537]
R5[383, 567, 530, 555, 519, 578, 573, 570, 564, 518, 508, 569]
R6[565, 568, 574, 559, 556, 550, 561, 551, 548, 542, 554]
R7[7, 9, 533, 552, 290, 10, 563, 549, 553, 558, 536]
R8[544, 535, 547, 543, 538, 545, 541, 531, 539]
R9[540, 528, 525, 529, 501, 534, 526, 532, 524, 523, 517]
R10[492, 490, 527, 521, 506, 468, 464, 11, 520]
R11[12, 489, 509, 503, 497, 504, 13, 14, 515, 516, 511, 425]
R12[522, 507, 514, 453, 16, 513, 512, 502, 15]
R13[17, 18, 476, 500, 20, 472, 471, 499, 21]
R14[496, 19, 447, 505, 493, 491, 498, 495, 484, 481, 488]
R15[494, 406, 487, 424, 486, 482, 22, 23, 463, 485, 480]
R16[475, 24, 479, 465, 477, 462, 456, 457, 344, 451, 27, 478, 467]
R17[474, 461, 470, 469, 25, 473, 466, 26]
R18[460, 449, 444, 28, 30, 459, 454, 439, 446]
R19[448, 450, 31, 29, 443, 33, 452, 458, 388, 428, 32]
R20[445, 34, 399, 442, 434, 431, 441, 36, 455]
R21[433, 420, 417, 437, 436, 373, 432, 37, 413, 270]
R22[440, 53, 438, 35, 426, 38, 427, 419, 421, 430, 435]
R23[422, 423, 418, 416, 40, 39, 415, 414, 412, 400, 429, 394]
R24[411, 405, 410, 402, 409, 407, 404, 41, 408]
R25[42, 403, 386, 395, 401, 44, 385, 380, 393, 397]
R26[43, 391, 390, 396, 372, 392, 381, 389, 384, 382, 46]
R27[374, 387, 379, 376, 360, 370, 45, 359, 369]
R28[47, 48, 364, 378, 363, 377, 350, 368, 371, 366, 361]
R29[375, 347, 367, 365, 337, 356, 357, 362, 352, 349, 353, 358, 354]
R30[348, 346, 49, 351, 50, 345, 342, 341, 343, 263, 355]
R31[340, 336, 338, 334, 339, 51, 333, 329, 330, 321]
R32[335, 326, 332, 322, 331, 323, 319, 324, 209, 328]
R33[320, 316, 303, 224, 325, 317, 280, 327, 52, 306, 300]
R34[315, 298, 310, 305, 54, 314, 304, 296, 56, 308, 55]
R35[282, 289, 313, 312, 309, 302, 311, 297, 295, 57, 293]
R36[307, 59, 294, 291, 299, 288, 58, 61, 265]
R37[60, 284, 286, 267, 287, 62, 301, 283, 281, 63]
R38[64, 65, 276, 273, 292, 268, 67, 274, 66, 68, 69]
R39[285, 278, 269, 275, 272, 279, 259, 70, 277, 262, 71, 72]
R40[74, 255, 249, 245, 271, 253, 260, 256]
R41[258, 266, 261, 250, 264, 73, 75, 251, 257, 76, 244]
R42[238, 252, 242, 247, 77, 246, 232, 79, 248, 254]
R43[241, 239, 78, 80, 233, 240, 139, 210, 105, 82, 237, 230, 235]
R44[243, 236, 234, 226, 231, 229, 81, 84, 225, 223, 83, 228, 86]
R45[227, 221, 222, 87, 218, 211, 220, 219, 215, 88]
R46[214, 208, 212, 217, 89, 203, 202, 189, 185, 216, 90]
R47[197, 85, 198, 213, 206, 207, 193, 201, 170, 195]
R48[192, 119, 205, 196, 92, 194, 93, 204, 91, 199, 200]
R49[191, 188, 187, 94, 95, 96, 190, 176, 167, 182, 161, 181]
R50[178, 183, 172, 162, 156, 107, 186, 97, 180]
R51[184, 98, 104, 177, 179, 100, 175, 171, 174, 101, 173, 163]
R52[158, 154, 168, 166, 155, 99, 169, 102, 103, 164]
R53[151, 108, 157, 160, 149, 110, 165, 106, 159, 153]
R54[152, 150, 109, 111, 147, 146, 142, 127]
R55[141, 124, 145, 135, 112, 144, 140, 148, 115]
R56[137, 121, 143, 126, 116, 118, 136, 122, 113, 132, 138]
R57[133, 114, 123, 134, 131, 120, 130, 129, 117, 128]
R58[125]
------------------------------------------
