 
------------------------------------------
HEURÍSTICA DE CONSTRUCCIÓN: RandomMethod
COSTO TOTAL: 86706.52
TOTAL DE RUTAS: 58
TIEMPO DE EJECUCIÓN: 88
 
R1[199, 42, 177, 421, 530, 153, 224, 573, 95, 519]
R2[170, 542, 574, 289, 283, 365, 301, 399, 340, 85, 217]
R3[135, 334, 306, 127, 252, 102, 89, 436, 200, 498, 222]
R4[30, 462, 129, 59, 382, 269, 186, 330, 5, 13, 386, 585]
R5[414, 350, 234, 502, 256, 528, 418, 356, 449, 464, 295]
R6[98, 15, 173, 352, 304, 134, 297, 156, 372, 466, 387]
R7[64, 570, 309, 335, 435, 108, 594, 534, 70, 558]
R8[55, 197, 58, 147, 133, 271, 453]
R9[455, 550, 14, 415, 273, 18, 4, 483, 218]
R10[318, 489, 525, 374, 191, 39, 446, 507, 203, 443, 78, 94, 139]
R11[216, 412, 328, 120, 583, 567, 185, 225, 48, 396]
R12[74, 432, 33, 68, 497, 504, 376, 342, 116, 226, 118]
R13[331, 231, 531, 467, 257, 171, 361, 87, 487, 138, 192, 113, 363]
R14[377, 131, 164, 212, 353, 245, 420, 253, 333, 71, 516]
R15[437, 537, 302, 178, 270, 546, 148, 364, 575]
R16[180, 515, 371, 541, 223, 568, 439, 31]
R17[237, 104, 463, 549, 166, 276, 369, 100, 447, 76]
R18[411, 233, 287, 45, 146, 362, 142, 323, 486]
R19[345, 485, 355, 83, 277, 40, 529, 43, 35, 9, 380]
R20[26, 158, 428, 152, 538, 1, 124]
R21[582, 187, 319, 351, 597, 8, 588, 247, 368, 357, 404, 236]
R22[354, 165, 151, 373, 491, 266, 299, 592, 81, 578]
R23[316, 566, 176, 589, 311, 261, 560, 294, 555, 282, 114, 388]
R24[429, 286, 524, 595, 576, 426, 105, 296, 130, 523, 551, 427, 214, 401]
R25[75, 27, 44, 243, 163, 255, 93, 521, 349, 494]
R26[28, 375, 229, 310, 457, 230, 596, 378, 598, 37, 149]
R27[2, 52, 390, 423, 394, 499, 77, 403, 96, 417]
R28[513, 308, 167, 6, 143, 99, 383, 451, 259, 182, 450, 193]
R29[183, 172, 12, 246, 262, 125, 413, 145, 175]
R30[461, 539, 238, 10, 312, 232, 385, 397, 522]
R31[189, 181, 136, 300, 140, 434, 249]
R32[520, 202, 348, 458, 344, 590, 313, 440, 391, 471, 174, 161]
R33[268, 460, 240, 115, 162, 195, 90, 512, 250, 325, 179]
R34[322, 343, 79, 227, 327, 29, 336, 509, 563, 239, 280]
R35[141, 600, 248, 559, 393, 452, 34, 438, 303]
R36[205, 424, 36, 103, 111, 571, 38, 465, 7, 32, 63]
R37[552, 122, 47, 307, 454, 220, 482, 109, 235, 395, 274]
R38[53, 359, 209, 577, 241, 562, 547, 54, 366, 194]
R39[459, 285, 86, 545, 493, 540, 405, 501, 475, 490]
R40[581, 57, 23, 469, 543, 495, 188, 500, 425]
R41[492, 402, 97, 292, 517, 565, 60, 168, 155, 564, 554, 416]
R42[17, 305, 206, 207, 106, 431, 496, 510, 410, 150, 370, 244]
R43[381, 476, 278, 201, 112, 101, 341, 65]
R44[556, 544, 389, 24, 419, 160, 553, 505, 470, 67]
R45[117, 293, 288, 406, 346, 315, 332, 407, 518, 599, 338]
R46[92, 80, 210, 422, 474, 144, 433, 267, 211]
R47[132, 84, 21, 190, 46, 409, 221, 532, 444, 324, 204, 535, 392, 72, 25, 572]
R48[66, 448, 107, 468, 51, 169, 121, 503, 591, 279, 586, 3, 49]
R49[82, 291, 442, 478, 514, 408, 557, 445, 126, 264]
R50[154, 484, 242, 367, 69, 128, 320, 508]
R51[561, 317, 110, 384, 159, 400, 22, 20]
R52[511, 208, 62, 526, 61, 579, 480, 339, 50, 213, 215, 536]
R53[506, 472, 379, 265, 272, 260, 326, 533, 569, 157, 219, 473]
R54[488, 337, 11, 456, 580, 275, 284, 16, 360, 479, 281]
R55[477, 119, 19, 587, 593, 347, 251, 88, 481, 314, 548, 430]
R56[228, 56, 290, 41, 263, 258, 527, 137, 91]
R57[398, 184, 123, 358, 254, 196, 321, 73, 198, 329]
R58[584, 298, 441]
------------------------------------------
