 
------------------------------------------
HEURÍSTICA DE CONSTRUCCIÓN: RandomMethod
COSTO TOTAL: 88504.18
TOTAL DE RUTAS: 57
TIEMPO DE EJECUCIÓN: 81
 
R1[205, 426, 171, 321, 420, 6, 149, 265, 86, 91, 579]
R2[95, 509, 598, 506, 473, 502, 345, 418, 19, 445]
R3[167, 558, 581, 76, 301, 373, 196, 436, 363, 280, 46, 99]
R4[346, 266, 332, 85, 142, 98, 299, 552, 295]
R5[472, 536, 451, 314, 546, 71, 132, 417, 283, 378, 68, 353, 70, 69]
R6[239, 313, 467, 595, 271, 258, 432, 486, 528, 233, 268]
R7[371, 529, 566, 82, 465, 226, 410, 191, 106, 366, 475, 381, 160]
R8[433, 400, 15, 168, 469, 423, 419, 337, 217, 87, 462]
R9[159, 181, 530, 206, 225, 468, 596, 274, 415, 572]
R10[256, 83, 516, 335, 454, 562, 199, 251, 155, 471, 323, 204, 13]
R11[358, 481, 185, 27, 487, 334, 131, 372, 527]
R12[367, 597, 128, 369, 405, 344, 537, 387, 348]
R13[56, 97, 125, 500, 544, 180, 429]
R14[26, 496, 223, 370, 428, 539, 211, 29, 54]
R15[62, 351, 368, 139, 359, 182, 166, 269, 341, 111, 42, 41, 254, 30]
R16[174, 520, 264, 153, 302, 574, 25, 455, 198, 96, 477]
R17[531, 388, 208, 12, 384, 252, 114, 92, 47, 584]
R18[49, 52, 339, 230, 464, 136, 575, 518, 74]
R19[189, 207, 284, 375, 287, 291, 497, 188, 406, 543]
R20[328, 357, 592, 118, 273, 411, 9, 231]
R21[34, 67, 437, 495, 578, 229, 397, 491, 123, 81, 319]
R22[262, 555, 110, 57, 356, 303, 178, 298, 112, 377, 383]
R23[589, 14, 564, 361, 427, 213, 563, 343, 315, 508, 102, 466]
R24[234, 580, 286, 573, 209, 522, 228, 510, 457, 163, 493, 470]
R25[459, 425, 292, 554, 568, 197, 276, 60, 246, 288, 395]
R26[242, 463, 35, 312, 126, 538, 20, 513, 504, 532]
R27[340, 453, 65, 389, 394, 117, 474, 306, 434, 570]
R28[135, 275, 177, 320, 311, 222, 257, 480, 75, 148]
R29[304, 354, 143, 349, 158, 402, 184, 355, 460, 440, 507]
R30[79, 124, 492, 137, 498, 316, 296, 16, 11, 285, 278, 170, 270, 200]
R31[22, 164, 534, 360, 525, 545, 408, 331]
R32[519, 272, 501, 483, 218, 120, 535, 261, 192, 55]
R33[548, 201, 560, 88, 593, 293, 489, 413, 144, 310, 412]
R34[386, 376, 255, 50, 279, 7, 490, 330, 324, 48]
R35[390, 146, 401, 77, 8, 232, 152, 89, 203]
R36[307, 512, 31, 526, 422, 294, 105, 183, 557, 553]
R37[443, 308, 24, 396, 588, 523, 439, 365, 515, 23]
R38[104, 45, 259, 51, 179, 583, 113, 290, 195]
R39[374, 260, 441, 416, 190, 140, 249, 32, 485, 186, 244]
R40[243, 421, 542, 391, 245, 398, 452, 1, 550, 392, 63]
R41[494, 165, 18, 461, 101, 277, 64, 161]
R42[297, 238, 591, 333, 551, 221, 517, 385, 478, 380]
R43[587, 175, 107, 37, 4, 488, 224, 100, 442, 404, 499, 309]
R44[122, 479, 267, 157, 561, 364, 115, 227, 73]
R45[10, 300, 141, 435, 431, 448, 194, 219, 151, 438]
R46[430, 514, 347, 210, 253, 336, 476, 524, 327, 93]
R47[66, 586, 44, 399, 248, 214, 173, 541, 169, 547]
R48[127, 338, 220, 80, 424, 40, 444, 571, 172, 156]
R49[58, 600, 263, 447, 108, 458, 322, 585]
R50[403, 533, 36, 162, 317, 215, 382, 84, 116, 282, 5, 590, 130]
R51[240, 393, 103, 38, 247, 176, 318, 61, 193, 577]
R52[326, 362, 582, 599, 446, 450, 449, 134, 342, 39, 202, 59]
R53[78, 150, 503, 2, 567, 289, 521, 407, 145, 241, 236]
R54[121, 549, 414, 482, 109, 187, 94, 3, 212, 540, 511]
R55[43, 569, 147, 594, 576, 559, 556, 21, 33, 281, 237, 129]
R56[72, 133, 325, 235, 154, 250, 17, 379, 456, 409, 350, 138]
R57[484, 565, 90, 352, 28, 216, 305, 53, 329, 119, 505]
------------------------------------------
