 
------------------------------------------
HEURÍSTICA DE CONSTRUCCIÓN: CMT
COSTO TOTAL: 18770.32
TOTAL DE RUTAS: 67
TIEMPO DE EJECUCIÓN: 18213
 
R1[505, 91, 378]
R2[482]
R3[319, 424, 548, 206, 106, 286, 499]
R4[274, 498, 134, 513, 326, 144, 449, 51, 150, 16, 115]
R5[196, 257, 460, 491, 372, 584, 67, 434, 268, 396, 295, 532]
R6[476, 179, 194]
R7[318, 37, 362, 96, 337, 242, 261, 380, 398, 191, 546, 234]
R8[319]
R9[220, 341, 269, 351, 169, 49, 26]
R10[550, 271, 377, 493, 408, 172, 363, 253]
R11[160, 110, 317, 265, 9, 63, 31, 149, 383, 537]
R12[282, 562, 158, 320, 250, 367, 252, 579, 289, 127, 33]
R13[464, 348, 468, 582, 77, 71, 61, 576, 238, 251]
R14[7, 403, 427, 599, 483, 182, 477, 108, 278, 585, 369]
R15[444, 371, 305, 366, 339, 243, 553, 544, 573, 536, 353]
R16[475, 154, 358, 50, 36, 474, 163]
R17[10, 202, 189, 166, 173, 511, 235, 425]
R18[15, 65, 170, 212, 132, 74, 307, 83, 574, 153, 487]
R19[222, 516, 175, 229, 47, 247, 60, 417, 330, 121]
R20[410, 495, 114, 70, 133, 3, 450, 168, 397, 349, 296, 103, 461, 164]
R21[482, 281, 231, 526, 78, 310, 565, 140, 314, 570, 535, 264]
R22[137, 109, 564, 321, 392, 312, 350, 508, 381, 218, 177]
R23[501]
R24[414, 87, 370, 239, 418, 208, 575, 92, 214, 481, 100, 502, 389]
R25[53, 39, 448, 5, 270, 530, 567, 413, 440, 587]
R26[27, 581, 365, 451, 14, 142, 577, 344, 298, 457, 226]
R27[13, 376, 233, 284, 228, 17, 416, 421, 500, 185, 518]
R28[527, 35, 373, 117, 93, 165, 590, 521, 400]
R29[54, 549, 431, 586, 591, 209, 302, 556, 211, 309, 107, 183]
R30[86, 490, 593, 68, 30, 331, 597, 155, 506, 332, 223, 313]
R31[538, 116, 543, 375, 162, 512, 152, 563]
R32[111, 560, 566, 256, 55, 436, 88, 66, 64, 38]
R33[430, 422, 195, 504, 364, 245, 276, 301, 429, 559, 143]
R34[343, 263, 541, 325, 198, 554, 357, 52]
R35[402, 515, 558, 470, 361, 254, 184]
R36[112, 2, 519, 315, 205, 42]
R37[122, 382, 542, 540, 201, 471, 596, 135, 485, 539, 136, 489]
R38[327, 456, 462, 157, 306, 438, 94, 95, 6, 22, 385]
R39[322, 267, 551, 355, 592, 19, 11, 472, 193, 260, 572, 294]
R40[282, 75, 21, 99, 600]
R41[578, 433, 216, 41, 486]
R42[85, 395, 219, 1, 84, 439, 454, 129, 46, 588, 426, 225]
R43[435, 437, 101, 259, 297, 311, 97, 79, 279]
R44[501, 28, 523, 420, 571]
R45[73, 478, 141, 356, 352, 124, 147, 151, 555, 266, 57, 583]
R46[43, 102, 80, 394, 126, 466, 272, 423, 72, 291, 89, 324, 484]
R47[531, 8, 407, 409, 69, 533, 374, 128, 359, 446, 176]
R48[258, 167, 557, 510, 58, 285, 293, 215, 300, 346]
R49[275, 249, 494, 497, 139, 82, 105, 240, 488, 520, 210]
R50[4, 180, 404, 171, 443, 411, 514, 199, 217, 368, 496, 442, 138]
R51[316, 224, 303, 399, 34, 334, 56, 529]
R52[329, 118, 452, 568, 178, 186, 517, 594, 393]
R53[465, 432, 161, 145, 401, 386, 81, 12, 290, 277, 552, 213, 130]
R54[292, 174, 25, 29, 589, 204, 467]
R55[569, 246, 441, 387, 304, 534, 232, 125]
R56[335, 200, 123, 455, 469, 453]
R57[244, 419, 62, 187, 299, 391, 333, 113, 90, 406, 120]
R58[598, 459, 323, 545, 207, 48, 561, 159]
R59[287, 528, 428, 32, 288, 458, 379, 503, 20, 24, 255, 40]
R60[188, 146, 131, 345, 340, 197, 59]
R61[262, 280, 479, 44]
R62[273, 248, 328, 405, 192, 480, 522, 119, 203]
R63[76, 525, 580, 45, 342, 415, 463, 390, 412, 230]
R64[347, 283, 507, 524, 148, 547, 156, 473]
R65[338, 308, 181, 445, 595, 104, 227, 236, 241, 98, 509]
R66[190, 336, 388, 237, 447, 492, 384, 354]
R67[23, 360, 221, 18]
------------------------------------------
