 
------------------------------------------
HEURÍSTICA DE CONSTRUCCIÓN: CMT
COSTO TOTAL: 19130.17
TOTAL DE RUTAS: 68
TIEMPO DE EJECUCIÓN: 17737
 
R1[510, 258, 111, 560, 566, 167, 557]
R2[26, 341, 220, 269, 588, 400, 351, 169, 49]
R3[14, 457, 226, 298, 27, 581, 365, 142, 577, 344, 451]
R4[93, 165, 117, 521, 590, 373, 35, 527, 225]
R5[185, 445, 518]
R6[157, 306, 327, 456, 438, 462]
R7[321]
R8[321, 564, 109, 218, 312, 381, 392, 508, 350, 177, 137, 235]
R9[391, 62, 572, 113, 260, 333, 294, 19, 592, 193]
R10[530, 39, 448, 53, 5, 413, 567, 587, 440, 270]
R11[47, 330, 179, 476, 194, 222, 229, 175, 417, 516, 60, 121, 247]
R12[133, 168, 3, 103, 535, 264]
R13[234, 398, 242, 318, 37, 362, 96, 337, 380, 261, 191, 546]
R14[382, 122, 24, 540, 471, 201, 596, 542, 20, 11, 472]
R15[221]
R16[314, 570]
R17[251, 340, 464, 197, 345]
R18[559, 504]
R19[267, 355, 551, 206, 106, 548, 286, 499, 424, 322, 319]
R20[429, 143, 126, 301, 423, 72, 87, 481, 272, 466, 394, 80, 102, 276]
R21[82, 105, 139, 275, 249, 494, 497, 240, 488, 520, 210]
R22[95, 94, 369, 161, 401, 145, 22, 385, 6, 585, 278, 386]
R23[343, 541, 263, 432, 52, 357, 554, 198, 325, 7, 81, 465, 427]
R24[104, 227, 236, 241, 98, 595, 421, 500, 376, 416, 228]
R25[88, 436, 66, 293, 58, 285, 64, 346, 300, 215]
R26[68, 506, 597, 490, 593, 86, 223, 313, 332, 331, 30, 419]
R27[59, 244]
R28[461, 368, 4, 180, 523, 501, 420, 496, 138, 571, 442, 296, 349]
R29[412, 342, 415, 40, 463, 155, 580, 45, 525]
R30[367, 600, 250, 320, 579, 252, 289, 28]
R31[15, 307]
R32[131, 34, 61, 71, 582, 468, 77, 348, 576, 38]
R33[454, 439]
R34[26, 428, 528, 32, 287]
R35[221, 120, 18, 238]
R36[44, 479, 277, 213, 130, 290, 552, 190, 262, 280, 12]
R37[335, 123, 200, 184, 515, 558, 470, 402, 361, 254, 455]
R38[482, 589, 25, 174, 292, 29, 41, 578, 433, 467, 486, 216]
R39[310, 565, 140, 526]
R40[450, 114, 495, 569, 246, 304, 164, 441, 410, 387, 397, 70]
R41[533, 69, 409, 374, 128, 446, 176, 359, 8, 531, 317, 110, 160]
R42[406, 299, 388, 237, 447, 187, 230, 336, 509]
R43[512, 162, 543, 152, 116, 375, 408, 363]
R44[158, 316, 75, 127, 33, 56, 562, 529, 334, 224, 303, 399, 475]
R45[57, 356, 141, 147, 73, 478, 151, 555, 266, 124, 352, 583]
R46[435, 437, 505, 378, 91, 101, 259, 297]
R47[347, 507, 283, 273, 522, 211, 556, 302, 547]
R48[85, 395, 129, 46, 84, 1, 219, 426, 407, 483, 477, 182]
R49[21, 99, 598, 146, 474, 163, 36, 50, 282, 9]
R50[100, 291, 575, 239, 418, 208, 92, 214, 389, 594, 502, 186]
R51[561, 379, 503, 159, 48, 458, 255, 135, 288, 489, 485, 539]
R52[178, 452, 118, 329, 568, 13, 284, 181, 393, 76, 338]
R53[65, 487, 170, 212, 74, 574, 153, 132, 83, 492, 90]
R54[469, 498, 274, 144, 449, 513, 326, 16, 150, 134]
R55[78, 281, 231, 536, 444, 371, 573, 243, 553, 339, 305]
R56[519, 315, 205, 42, 112, 2, 232, 534, 383]
R57[207, 323, 545, 459, 136, 599, 403, 108]
R58[430, 204, 125, 149, 537, 265, 63, 31, 544, 366, 353]
R59[591, 549, 183, 431, 480, 148, 524, 309, 209, 54, 203]
R60[89, 484]
R61[268, 434, 584, 372, 196, 257, 67, 460, 453, 51, 115, 199]
R62[55, 256, 188, 358, 154]
R63[245, 364, 195, 422, 538, 253, 43, 414, 370]
R64[192, 97, 217, 279, 311, 79, 328, 405, 248, 119]
R65[563, 473, 377, 172, 550, 493, 324, 156, 271]
R66[189, 23, 360, 384, 354, 517, 308, 390, 202, 425]
R67[396, 171, 443, 514, 411, 586, 107, 233, 17, 166, 10]
R68[295, 173, 511, 491, 532, 404]
------------------------------------------
