 
------------------------------------------
HEURÍSTICA DE CONSTRUCCIÓN: NearestNeighborWithRLC
COSTO TOTAL: 59257.81
TOTAL DE RUTAS: 57
TIEMPO DE EJECUCIÓN: 5528
 
R1[600, 598, 593, 2, 587, 3, 589, 584, 595, 596, 4]
R2[597, 5, 585, 599, 483, 427, 403, 182, 108, 7, 477, 567]
R3[583, 582, 1, 588, 8, 537, 590, 580, 594, 592, 586]
R4[564, 518, 581, 577, 578, 9, 579, 576, 575, 574, 591, 573]
R5[10, 11, 568, 572, 551, 566, 571, 565, 562, 570, 569, 563]
R6[561, 559, 556, 550, 549, 547, 543, 548, 542]
R7[560, 554, 552, 290, 12, 541, 533, 557, 531, 555]
R8[530, 6, 546, 535, 13, 529, 510, 558, 553, 544, 532, 523]
R9[540, 14, 536, 16, 526, 538, 522, 524, 516, 511]
R10[508, 517, 506, 525, 15, 17, 514, 19, 545, 539]
R11[18, 534, 519, 495, 21, 527, 521, 509, 528]
R12[520, 20, 503, 512, 515, 513, 23, 505, 504]
R13[507, 502, 500, 24, 499, 501, 25, 498, 493, 494, 497]
R14[26, 27, 28, 496, 491, 490, 22, 489, 492]
R15[452, 487, 488, 484, 481, 485, 482, 486, 433, 478, 457]
R16[474, 468, 464, 399, 475, 451, 461, 480, 473, 29, 479]
R17[30, 476, 469, 467, 460, 455, 472, 463, 471, 32]
R18[459, 458, 447, 436, 465, 446, 456, 454, 462, 440, 448]
R19[413, 383, 432, 439, 438, 409, 426, 31, 450, 33, 358, 442]
R20[470, 449, 453, 445, 466, 34, 348, 425]
R21[443, 441, 420, 434, 431, 437, 36, 367, 398]
R22[407, 374, 359, 357, 395, 400, 428, 424, 429]
R23[444, 421, 435, 430, 423, 419, 416, 418, 417, 411, 410]
R24[404, 397, 37, 380, 415, 422, 414, 35, 412, 406, 391]
R25[408, 396, 405, 402, 387, 371, 394, 392, 38, 393, 390]
R26[389, 39, 362, 386, 385, 369, 401, 373, 384]
R27[381, 378, 40, 382, 370, 388, 377, 375, 41]
R28[372, 376, 379, 364, 368, 43, 363, 366, 42, 365, 356, 44, 343]
R29[325, 352, 349, 344, 45, 354, 360, 47, 355, 351, 49]
R30[346, 48, 50, 361, 350, 51, 347, 342, 52, 327, 317]
R31[337, 318, 270, 353, 339, 345, 341, 53, 320]
R32[340, 338, 336, 46, 332, 55, 333, 56, 330]
R33[335, 334, 331, 54, 326, 328, 321, 329, 313, 308]
R34[322, 323, 58, 316, 303, 315, 59, 324, 319, 309, 314]
R35[305, 310, 304, 298, 296, 295, 312, 247, 302, 301, 307]
R36[299, 294, 300, 306, 285, 269, 57, 60, 61, 282, 293, 215, 287]
R37[288, 255, 267, 311, 62, 291, 286, 297, 289, 261, 242, 292]
R38[64, 284, 260, 239, 279, 65, 283, 276, 275, 280]
R39[63, 66, 238, 277, 278, 281, 274, 273, 272, 67, 68]
R40[265, 263, 262, 266, 258, 256, 252, 264, 168, 257]
R41[271, 259, 254, 243, 268, 251, 244, 250, 246, 70, 234]
R42[241, 248, 253, 249, 240, 230, 225, 69, 237, 223]
R43[245, 195, 71, 236, 72, 235, 229, 228, 227, 224, 233]
R44[221, 232, 231, 226, 205, 222, 217, 211, 214, 218]
R45[220, 219, 198, 216, 204, 213, 212, 170, 210, 208, 207, 201, 187]
R46[153, 74, 193, 209, 203, 206, 202, 189, 177, 173, 200]
R47[196, 75, 188, 194, 185, 199, 197, 120, 166, 137, 192]
R48[76, 191, 77, 73, 79, 190, 176, 186, 78, 183, 179, 181, 80]
R49[180, 81, 160, 167, 178, 158, 175, 184, 171, 82, 139]
R50[169, 165, 155, 159, 135, 136, 83]
R51[172, 162, 174, 164, 154, 156, 150, 152, 163]
R52[151, 85, 129, 84, 161, 86, 87, 143, 126, 148, 146, 142]
R53[88, 131, 157, 89, 119, 101, 144, 138, 140]
R54[91, 121, 90, 149, 147, 145, 130, 128, 141, 134]
R55[133, 92, 132, 94, 95, 124, 93, 96, 127, 99, 98]
R56[109, 104, 118, 113, 100, 102, 122, 117, 125]
R57[114, 123, 116, 115, 112, 111, 107, 106, 105, 110, 97, 103]
------------------------------------------
