 
------------------------------------------
HEURÍSTICA DE CONSTRUCCIÓN: Sweep
COSTO TOTAL: 46162.81
TOTAL DE RUTAS: 57
TIEMPO DE EJECUCIÓN: 347
 
R1[475, 304, 120, 164, 534, 410, 387, 472, 68, 50, 24]
R2[232, 441, 569, 36, 244, 11, 382, 474, 246, 122, 506, 197, 345, 340]
R3[163, 146, 251, 464, 188, 201, 540, 20, 598]
R4[542, 334, 316, 471, 600, 367, 75, 289, 158, 252, 596]
R5[250, 579, 282, 320, 529, 127, 562, 56, 33, 365, 99]
R6[451, 581, 21, 298, 27, 576, 238, 224, 14]
R7[577, 77, 71, 142, 399, 303, 348, 131, 344]
R8[582, 457, 226, 34, 38, 503, 463, 55, 61, 468]
R9[159, 412, 155, 580, 45, 256, 525, 342]
R10[415, 561, 379, 234, 546, 2, 40, 261, 458, 380, 398]
R11[42, 111, 566, 191, 242, 205, 112, 560, 337, 96]
R12[48, 510, 519, 167, 557, 258, 315, 37, 318, 362, 352]
R13[323, 583, 57, 356, 147, 73, 459, 478, 207, 545]
R14[141, 151, 124, 270, 266, 555, 440, 567, 413, 587]
R15[530, 5, 64, 9, 31, 53, 149, 39, 63, 383, 448]
R16[66, 537, 265, 436, 215, 88, 160, 293, 110, 317, 531]
R17[58, 285, 8, 300, 69, 409, 346, 407, 533, 374]
R18[128, 359, 446, 176, 479, 44, 262, 280, 135, 190, 130, 213]
R19[552, 290, 287, 12, 288, 539, 277, 489, 136, 465, 81]
R20[432, 52, 93, 357, 485, 263, 554, 198, 528, 343, 32, 225, 325]
R21[165, 108, 541, 590, 117, 373, 403, 521, 182]
R22[428, 483, 599, 477, 35, 427, 527, 7, 278, 585]
R23[369, 145, 161, 386, 401, 385, 22, 588, 6, 95, 400, 94]
R24[219, 1, 85, 426, 84, 49, 351, 395, 26, 169]
R25[46, 439, 269, 129, 157, 438, 306, 327, 456, 341, 454]
R26[462, 220, 512, 152, 504, 116, 162, 538, 195, 494]
R27[375, 364, 543, 245, 82, 422, 249, 559]
R28[430, 301, 429, 143, 275, 276, 253, 139, 172, 408]
R29[363, 105, 550, 91, 497, 493, 377, 378, 240, 271]
R30[505, 126, 437, 101, 435, 520, 394, 259]
R31[488, 297, 466, 80, 272, 102, 481, 423, 72, 87, 43, 370]
R32[414, 192, 97, 405, 328, 119, 217, 79, 248, 311, 279, 210]
R33[283, 15, 563, 324, 89, 273, 473, 480, 522]
R34[183, 203, 347, 524, 507, 156, 65, 484, 586, 591, 431, 107, 148]
R35[209, 302, 54, 549, 556, 170, 487, 547, 211, 115, 199]
R36[411, 212, 16, 74, 453, 150, 424, 514]
R37[291, 309, 51, 574, 307, 443, 319, 171, 132, 239, 236, 100]
R38[241, 214, 575, 502, 153, 98, 418, 548, 92, 389]
R39[499, 83, 227, 208, 594, 106, 286, 104, 206, 449, 274]
R40[595, 185, 144, 551, 186, 326, 355, 134, 518, 513]
R41[445, 498, 267, 469, 353, 460, 491, 372, 257, 67, 584]
R42[322, 350, 508, 381, 392, 196, 268, 396, 434, 295]
R43[312, 321, 564, 532, 218, 500, 421, 109, 416, 376, 233, 247]
R44[121, 573, 305, 60, 371, 366, 516, 243, 229, 228, 137, 175]
R45[417, 222, 17, 339, 47, 553, 544, 476, 177, 444, 194, 330]
R46[179, 425, 536, 193, 189, 592, 260, 202, 235, 511, 404]
R47[333, 166, 10, 308, 173, 368, 338, 181, 180, 393, 113]
R48[76, 568, 517, 294, 496, 4, 19, 452, 138, 384]
R49[354, 62, 523, 501, 442, 178, 492, 571, 420, 299, 572]
R50[118, 23, 329, 28, 391, 284, 13, 361, 254, 390, 402]
R51[470, 184, 558, 360, 515, 455, 335, 231, 78, 200]
R52[123, 281, 187, 570, 526, 406, 314, 140, 310, 90]
R53[388, 565, 447, 509, 237, 230, 482, 419, 467, 216]
R54[336, 535, 486, 264, 25, 255, 174, 461, 103, 589, 292, 41, 578, 349]
R55[296, 3, 433, 29, 397, 133, 597, 313, 168, 495, 18]
R56[223, 70, 114, 450, 204, 593, 221, 86, 490, 30, 331]
R57[154, 125, 332, 59, 358]
------------------------------------------
