 
------------------------------------------
HEURÍSTICA DE CONSTRUCCIÓN: Sweep
COSTO TOTAL: 46237.88
TOTAL DE RUTAS: 57
TIEMPO DE EJECUCIÓN: 394
 
R1[319, 171, 132, 239, 236, 100, 241, 214, 575, 502, 153, 98, 418]
R2[548, 92, 389, 499, 83, 227, 208, 594, 106, 286, 104]
R3[206, 449, 274, 595, 185, 144, 551, 186, 326, 355]
R4[134, 518, 513, 445, 498, 267, 469, 353, 460, 491]
R5[372, 257, 67, 584, 322, 350, 508, 381, 392, 196, 268, 396]
R6[434, 295, 312, 321, 564, 532, 218, 500, 421, 109]
R7[416, 376, 233, 247, 121, 573, 305, 60, 371, 366, 516, 243]
R8[229, 228, 137, 175, 417, 222, 17, 339, 47, 553, 544, 476]
R9[177, 444, 194, 330, 179, 425, 536, 193, 189, 592, 260]
R10[202, 235, 511, 404, 333, 166, 10, 308, 173, 368, 338, 181]
R11[180, 393, 113, 76, 568, 517, 294, 496, 4, 19]
R12[452, 138, 384, 354, 62, 523, 501, 442, 178, 492]
R13[571, 420, 299, 572, 118, 23, 329, 28, 391, 284, 13]
R14[361, 254, 390, 402, 470, 184, 558, 360, 515, 455]
R15[335, 231, 78, 200, 123, 281, 187, 570, 526, 406, 314]
R16[140, 310, 90, 388, 565, 447, 509, 237, 230, 482, 419]
R17[467, 216, 336, 535, 486, 264, 25, 255, 174, 461, 103, 589]
R18[292, 41, 578, 349, 296, 3, 433, 29, 397, 133, 597, 313]
R19[168, 495, 18, 223, 70, 114, 450, 204, 593, 221, 86, 490]
R20[30, 331, 154, 125, 332, 59, 358, 475, 304]
R21[120, 164, 534, 410, 387, 472, 68, 50, 24, 232, 441, 569]
R22[36, 244, 11, 382, 474, 246, 122, 506, 197, 345, 340, 163]
R23[146, 251, 464, 188, 201, 540, 20, 598, 542]
R24[334, 316, 471, 600, 367, 75, 289, 158, 252, 596]
R25[250, 579, 282, 320, 529, 127, 562, 56, 33, 365, 99]
R26[451, 581, 21, 298, 27, 576, 238, 224, 14]
R27[577, 77, 71, 142, 399, 303, 348, 131, 344]
R28[582, 457, 226, 34, 38, 503, 463, 55, 61, 468]
R29[159, 412, 155, 580, 45, 256, 525, 342]
R30[415, 561, 379, 234, 546, 2, 40, 261, 458, 380, 398]
R31[42, 111, 566, 191, 242, 205, 112, 560, 337, 96]
R32[48, 510, 519, 167, 557, 258, 315, 37, 318, 362, 352]
R33[323, 583, 57, 356, 147, 73, 459, 478, 207, 545]
R34[141, 151, 124, 270, 266, 555, 440, 567, 413, 587]
R35[530, 5, 64, 9, 31, 53, 149, 39, 63, 383, 448]
R36[66, 537, 265, 436, 215, 88, 160, 293, 110, 317, 531]
R37[58, 285, 8, 300, 69, 409, 346, 407, 533, 374]
R38[128, 359, 446, 176, 479, 44, 262, 280, 135, 190, 130, 213]
R39[552, 290, 287, 12, 288, 539, 277, 489, 136, 465, 81]
R40[432, 52, 93, 357, 485, 263, 554, 198, 528, 343, 32, 225, 325]
R41[165, 108, 541, 590, 117, 373, 403, 521, 182]
R42[428, 483, 599, 477, 35, 427, 527, 7, 278, 585]
R43[369, 145, 161, 386, 401, 385, 22, 588, 6, 95, 400, 94]
R44[219, 1, 85, 426, 84, 49, 351, 395, 26, 169]
R45[46, 439, 269, 129, 157, 438, 306, 327, 456, 341, 454]
R46[462, 220, 512, 152, 504, 116, 162, 538, 195, 494]
R47[375, 364, 543, 245, 82, 422, 249, 559]
R48[430, 301, 429, 143, 275, 276, 253, 139, 172, 408]
R49[363, 105, 550, 91, 497, 493, 377, 378, 240, 271]
R50[505, 126, 437, 101, 435, 520, 394, 259]
R51[488, 297, 466, 80, 272, 102, 481, 423, 72, 87, 43, 370]
R52[414, 192, 97, 405, 328, 119, 217, 79, 248, 311, 279, 210]
R53[283, 15, 563, 324, 89, 273, 473, 480, 522]
R54[183, 203, 347, 524, 507, 156, 65, 484, 586, 591, 431, 107, 148]
R55[209, 302, 54, 549, 556, 170, 487, 547, 211, 115, 199]
R56[411, 212, 16, 74, 453, 150, 424, 514]
R57[291, 309, 51, 574, 307, 443]
------------------------------------------
