 
------------------------------------------
DISTANCIA: Euclidean
HEURÍSTICA DE CONSTRUCCIÓN: FisherJaikumar
COSTO TOTAL: 41237.82
TOTAL DE RUTAS: 60
TIEMPO DE EJECUCIÓN: 1.6495206356048584
 
R1[145, 267, 78]
R2[134, 139, 111, 89, 195, 320, 278, 392]
R3[135]
R4[177, 73, 76, 326, 356, 5]
R5[198, 23, 302, 294, 228, 203, 143, 121, 219, 92, 102, 384, 81]
R6[201]
R7[310, 148, 14, 6, 100, 75, 374, 96, 256]
R8[82, 353, 174, 205, 98, 183]
R9[11, 197]
R10[12, 240, 299]
R11[325, 351, 16, 213]
R12[37, 321, 315, 18, 275, 141, 54, 150, 370, 192, 269, 250]
R13[28, 27, 32, 254, 168, 211, 236, 156, 248]
R14[253, 59, 312, 292, 295, 52, 358]
R15[63, 207, 99]
R16[67, 393]
R17[77]
R18[85]
R19[29, 379, 327, 84, 72, 94, 264, 176]
R20[95, 244, 48, 297, 24, 388, 352, 50, 86, 258, 241, 126, 115, 180, 200, 69, 301]
R21[344, 97, 233]
R22[144, 317, 105]
R23[43, 347, 113, 383]
R24[125, 397, 330, 36, 324, 276, 65, 114, 400, 19, 367]
R25[191, 247, 238, 127, 242]
R26[128, 234, 175, 136, 262, 280, 387]
R27[382, 62, 130, 120, 212, 260, 293, 119]
R28[146, 329, 152, 257, 4, 165, 45, 88, 142, 214, 159, 336]
R29[2, 149, 365]
R30[161, 39, 103, 116, 157, 167, 288, 246, 226, 319, 354, 282]
R31[49, 160, 232, 172]
R32[380, 153, 185]
R33[3, 251, 55, 137, 273, 274, 189, 140, 239, 369, 169]
R34[41, 231, 71, 202, 118, 272, 199, 186, 396, 364]
R35[204, 193, 255, 110, 332, 362, 323]
R36[357, 206, 284, 194, 237, 17, 333, 340, 215]
R37[208, 335, 216, 9, 87, 151, 285, 184]
R38[106, 220, 22, 57, 79, 350, 283, 133, 355, 314]
R39[222]
R40[217, 10, 34, 235, 289, 60, 109, 181, 368]
R41[47, 56, 243]
R42[7, 33, 259, 229, 42, 399, 318]
R43[390, 377, 166, 147, 163, 339, 372, 363, 266, 366]
R44[270, 389, 249, 188, 173]
R45[378, 386, 277, 230]
R46[361, 286, 26, 30, 170, 107]
R47[13, 112, 101, 287, 58, 221, 210, 70, 252, 303, 68, 158]
R48[25, 349, 291, 171, 108, 74, 225, 227, 122, 182, 281]
R49[8, 304, 359, 298, 46, 218]
R50[394, 376, 305, 1, 104, 154, 375, 271, 346, 360, 123]
R51[311, 307, 245, 80, 385, 93, 83, 265, 53, 164, 179, 196, 178]
R52[15, 313, 131, 51, 21, 316, 290, 398]
R53[322, 187, 224, 124]
R54[328, 296]
R55[338, 309, 40, 91, 331, 261, 223]
R56[334]
R57[381, 337, 306, 263, 209, 155, 66, 31, 132, 373, 61, 38, 395, 64]
R58[342, 268, 162]
R59[391, 343, 348, 300, 90, 35, 138, 190, 279, 129, 371]
R60[20, 345, 341, 44, 308, 117]
------------------------------------------
