 
------------------------------------------
DISTANCIA: Euclidean
HEURÍSTICA DE CONSTRUCCIÓN: FisherJaikumar
COSTO TOTAL: 14263.52
TOTAL DE RUTAS: 25
TIEMPO DE EJECUCIÓN: 0.5186121463775635
 
R1[100, 52, 8, 143, 98]
R2[55, 113]
R3[173, 170, 163, 159, 146, 138, 135, 72, 128, 5, 121, 10, 188]
R4[160, 48]
R5[179, 175, 190, 83, 82, 35, 192, 59, 81, 71, 3, 124, 142, 189]
R6[193, 20, 162, 91, 51, 74, 22, 144, 194, 181]
R7[99, 108, 63, 177, 44, 19, 26, 23, 153, 172, 60, 178]
R8[195, 129, 191, 95, 27, 96, 29, 73, 18, 119]
R9[187, 33, 166, 9, 164, 32, 94, 45, 120, 107, 56, 127, 117, 4, 105, 157]
R10[80, 136, 36, 198, 137, 182, 183]
R11[1, 106, 12, 42, 112, 89, 77, 154, 66, 38, 174, 16]
R12[47]
R13[57, 134, 54, 92]
R14[118, 34, 125, 70, 165]
R15[67, 43, 101, 61, 130, 75, 200, 145]
R16[24, 30, 40, 76, 84, 79, 171]
R17[39, 13, 25, 152, 14, 168, 151, 88, 58, 197, 104]
R18[2, 97, 156, 87, 126, 176, 185, 7]
R19[17, 53, 180, 116, 184, 103]
R20[199, 109, 123, 147, 161, 196, 140]
R21[110, 15, 150, 37, 62, 21, 139, 158, 141, 186, 149]
R22[155, 167, 122, 133, 28, 41, 111, 169, 49, 86, 78]
R23[102, 93, 90, 11, 64, 85, 31, 114, 68, 50, 115, 65, 46, 69]
R24[6, 131]
R25[132, 148]
------------------------------------------
