 
------------------------------------------
DISTANCIA: Euclidean
HEURÍSTICA DE CONSTRUCCIÓN: MatchingBasedSavingAlgorithm
COSTO TOTAL: 6836.43
TOTAL DE RUTAS: 18
TIEMPO DE EJECUCIÓN: 1.499675989151001
 
R1[183, 137, 138, 114, 95, 190, 56, 151, 16, 81, 199, 34, 167, 158]
R2[7, 101, 9, 67, 2, 90, 90, 43, 13, 175, 122, 17, 11, 129]
R3[10, 5, 53, 193, 128, 106, 46, 108, 159, 38, 150, 22, 38, 165]
R4[82, 92, 75, 23, 60, 144, 119, 144, 99, 21, 163]
R5[71, 35, 110, 162, 69, 141, 200, 77, 172, 148]
R6[132, 78, 39, 139, 155, 164, 160, 66, 6]
R7[63, 140, 142, 37, 111, 33, 118, 121, 57, 184]
R8[91, 115, 86, 47, 113, 49, 12, 73, 113, 117, 185]
R9[51, 94, 32, 161, 54, 104, 107, 116, 65, 171, 189]
R10[4, 72, 146, 19, 44, 192, 192, 194, 52]
R11[143, 176, 93, 135, 187, 187, 55, 58, 83, 36, 83, 36]
R12[68, 145, 195, 15, 28, 97, 120, 84, 131, 196, 102]
R13[8, 18, 186, 127, 103, 124, 136, 174, 70, 98]
R14[88, 157, 3, 61, 197, 24, 179, 109, 100]
R15[30, 178, 173, 178, 173, 64, 64, 80, 45, 173, 74, 96, 130, 59, 105]
R16[41, 31, 25, 20, 29, 76, 149, 133, 48, 133, 85, 198]
R17[79, 42, 123, 153, 87, 42, 40, 89, 26, 14, 169, 170]
R18[1, 112, 134, 50, 134, 156]
------------------------------------------
