 
------------------------------------------
DISTANCIA: Euclidean
HEURÍSTICA DE CONSTRUCCIÓN: FisherJaikumar
COSTO TOTAL: 2489.6
TOTAL DE RUTAS: 5
TIEMPO DE EJECUCIÓN: 0.23836278915405273
 
R1[85, 84, 83, 82, 90, 60, 37, 44, 43, 16, 13, 15, 4, 100]
R2[62, 7, 18, 63, 48, 10, 46, 45, 35, 47]
R3[8, 61, 6, 78, 34, 9, 75, 70, 2, 17, 69, 51, 65, 64, 50, 33, 31, 19, 32, 30, 27, 26, 68, 28, 67, 49, 29]
R4[5, 1, 99, 97, 96, 95, 94, 93, 92, 91, 59, 58, 98, 42, 14, 12, 40, 41, 56, 36, 86]
R5[57, 79, 74, 3, 54, 72, 55, 71, 20, 11, 73, 22, 23, 21, 39, 24, 66, 25, 52, 38, 53]
------------------------------------------
