 
------------------------------------------
HEURÍSTICA DE CONSTRUCCIÓN: NearestNeighborWithRLC
COSTO TOTAL: 9229.9
TOTAL DE RUTAS: 18
TIEMPO DE EJECUCIÓN: 299
 
R1[175, 179, 200, 197, 189, 198, 1, 2, 190, 158, 167]
R2[95, 34, 193, 106, 199, 192, 196, 195, 194, 187, 188, 176, 143, 165]
R3[191, 125, 186, 185, 184, 3, 5, 180, 84, 166, 155]
R4[139, 4, 144, 7, 183, 138, 177, 182, 173, 181, 178, 172]
R5[171, 6, 164, 169, 170, 174, 168, 8, 9]
R6[10, 129, 11, 122, 160, 147, 162, 12, 154, 152]
R7[40, 163, 156, 153, 149, 146, 133, 130, 159, 161, 157, 142, 150, 137]
R8[151, 140, 132, 13, 15, 145, 134, 148, 14, 123, 131]
R9[16, 127, 135, 17, 128, 126, 121, 119, 19, 120, 109, 116, 136]
R10[124, 141, 20, 115, 118, 117, 114, 111, 105, 112]
R11[110, 113, 21, 23, 107, 101, 104, 18, 24, 25, 100, 64]
R12[27, 108, 99, 102, 97, 74, 68, 96, 59, 26, 89]
R13[92, 79, 87, 75, 52, 85, 80, 70, 28, 30]
R14[77, 31, 91, 103, 69, 86, 65, 51, 32, 29, 98, 88]
R15[63, 93, 81, 71, 90, 33, 82, 60, 72, 57, 83]
R16[46, 78, 35, 55, 58, 49, 76, 22, 67, 37]
R17[56, 62, 73, 94, 66, 61, 53, 44, 54, 39]
R18[36, 48, 45, 41, 42, 47, 43, 50, 38]
------------------------------------------
