 
------------------------------------------
HEURÍSTICA DE CONSTRUCCIÓN: CMT
COSTO TOTAL: 3612.87
TOTAL DE RUTAS: 20
TIEMPO DE EJECUCIÓN: 540
 
R1[175, 155, 113, 13, 2, 43, 90, 78, 67]
R2[71, 1, 99, 9, 144, 101, 183, 53, 93]
R3[190, 158, 108, 188, 83, 118, 57, 143, 33, 121, 165, 95]
R4[189, 171, 136, 32, 65, 86, 115, 94, 51, 174, 124, 141]
R5[56, 114, 151, 63, 111, 16, 142, 22, 38, 150, 159, 140, 199]
R6[92, 52, 21, 23, 163, 182, 75, 194, 195, 145]
R7[49, 58, 161, 104, 185, 117, 132, 7, 181, 184, 135, 37]
R8[154, 100, 64, 27, 178, 45, 109, 179, 173, 61, 24]
R9[79, 168, 29, 87, 112, 156, 50, 134, 42, 170, 123]
R10[152, 153, 26, 40, 169, 48]
R11[164, 66, 147, 160, 47, 91, 12, 116, 129]
R12[96, 74, 30, 28, 120, 131, 68, 62, 44, 102, 76]
R13[8, 127, 186, 54, 18, 98, 157]
R14[17, 39, 107, 122, 11, 6, 139, 73]
R15[126, 35, 166, 119, 137, 81, 138, 55]
R16[80, 31, 85, 172, 25, 69, 200, 103, 197, 148]
R17[59, 198, 105, 89, 15, 14, 130, 133, 97, 196, 149, 192, 77]
R18[128, 34, 167, 5, 106, 10, 193, 46, 191, 125, 84, 4, 82, 176]
R19[88, 180, 60, 72, 36, 70, 41]
R20[146, 3, 177, 187, 19, 20, 110, 162]
------------------------------------------
