 
------------------------------------------
HEURÍSTICA DE CONSTRUCCIÓN: CMT
COSTO TOTAL: 3517.93
TOTAL DE RUTAS: 20
TIEMPO DE EJECUCIÓN: 455
 
R1[45, 109, 100, 64, 27, 179, 61, 173, 178, 154, 24]
R2[189, 103, 148, 197, 200, 124, 136, 141, 69, 32]
R3[184, 135, 55, 58, 56, 199, 37]
R4[50, 156, 112, 168, 163, 194, 182, 145, 75, 195, 92]
R5[19, 192, 120, 68, 44, 131, 62, 102, 146, 30, 74]
R6[183, 138, 137, 81, 93]
R7[155, 13, 43, 2, 17, 90, 67, 175, 113, 78, 39, 107]
R8[176, 36, 193, 128, 125, 191, 84, 4, 46, 106, 82, 72]
R9[123, 87, 29, 79, 42, 134, 170, 52, 23, 21]
R10[147, 66, 164, 160, 47, 91, 129, 12, 116]
R11[41, 20, 11, 122, 139, 6, 73, 162, 110]
R12[94, 115, 86, 65, 51, 171, 174]
R13[83, 165, 188, 121, 33, 143, 180, 60, 10, 108, 95]
R14[8, 127, 186, 88, 3, 98, 177, 157, 54]
R15[140, 16, 187, 142, 151, 111, 159, 22, 150, 38, 114, 63]
R16[40, 153, 169, 89, 15, 105, 152, 26, 14, 59, 198, 196]
R17[31, 80, 25, 70, 77, 172, 85, 48, 133, 149, 130, 96, 28]
R18[49, 161, 18, 104, 117, 185, 132, 181, 7]
R19[144, 97, 76, 57, 118, 34, 167, 5, 158, 190]
R20[53, 9, 71, 126, 35, 166, 119, 1, 101, 99]
------------------------------------------
