 
------------------------------------------
HEURÍSTICA DE CONSTRUCCIÓN: NearestNeighborWithRLC
COSTO TOTAL: 9576.53
TOTAL DE RUTAS: 19
TIEMPO DE EJECUCIÓN: 314
 
R1[175, 200, 199, 187, 186, 196, 195, 198, 192, 194, 184, 185]
R2[181, 183, 138, 151, 159, 182, 179, 197, 1, 166, 188]
R3[190, 193, 176, 165, 158, 2, 191, 143, 118, 167, 128, 125]
R4[4, 180, 121, 155, 139, 189, 178, 177, 5, 164, 173]
R5[174, 171, 160, 170, 169, 172, 168, 162, 161]
R6[132, 157, 98, 163, 3, 88, 142, 156, 154, 6, 153]
R7[149, 146, 137, 135, 7, 150, 140, 114, 131, 8, 127]
R8[126, 119, 144, 9, 117, 130, 11, 129, 147, 148, 12, 141]
R9[152, 40, 26, 134, 133, 145, 112, 105, 136, 122, 10]
R10[108, 120, 14, 123, 89, 113, 124, 15, 16, 111, 104, 18, 101, 99]
R11[109, 13, 116, 91, 110, 103, 17, 102, 107, 90]
R12[19, 97, 96, 20, 115, 21, 92, 100, 64, 87]
R13[80, 85, 95, 106, 93, 81, 78, 76, 79, 52, 75, 74]
R14[62, 22, 71, 24, 77, 25, 61, 68, 59, 23, 42, 48]
R15[28, 44, 45, 41, 70, 94, 27, 30, 31, 29]
R16[73, 69, 67, 83, 33, 82, 72, 60, 57, 46]
R17[43, 39, 53, 35, 63, 84, 66, 86, 32, 34, 36]
R18[55, 38, 37, 49, 47, 51, 56, 54, 65]
R19[50, 58]
------------------------------------------
