 
------------------------------------------
HEURÍSTICA DE CONSTRUCCIÓN: RandomMethod
COSTO TOTAL: 14557.14
TOTAL DE RUTAS: 19
TIEMPO DE EJECUCIÓN: 44
 
R1[139, 13, 82, 76, 73, 52, 180, 130, 89, 65, 24]
R2[90, 152, 55, 34, 187, 104, 41, 195, 179, 96]
R3[171, 189, 147, 85, 22, 120, 38, 33, 129, 44]
R4[160, 77, 20, 150, 167, 74, 37, 177, 80, 119, 137, 9]
R5[78, 142, 146, 199, 21, 170, 42, 70, 115, 166]
R6[122, 140, 2, 25, 125, 58, 185, 161, 81, 36, 148, 17, 153]
R7[30, 93, 105, 102, 162, 54, 92, 112, 5, 196, 56]
R8[176, 174, 97, 164, 197, 101, 15, 63]
R9[144, 116, 155, 154, 198, 23, 26, 192, 68, 91, 168, 149]
R10[31, 178, 132, 141, 72, 145, 53, 75, 134]
R11[194, 117, 191, 193, 184, 7, 1, 47, 133, 143, 64, 169]
R12[60, 127, 6, 84, 61, 109, 29, 50, 48, 27, 88]
R13[51, 66, 83, 87, 190, 186, 49, 40, 45, 173, 110]
R14[35, 113, 121, 108, 3, 67, 183, 181, 124, 14, 69]
R15[118, 151, 128, 107, 157, 71, 159, 43, 126, 175, 19, 200]
R16[79, 163, 172, 182, 16, 111, 99, 32, 86, 156, 62, 114]
R17[10, 135, 100, 136, 12, 18, 39, 11, 98, 131, 28]
R18[46, 59, 123, 95, 103, 188, 106, 165, 8, 57, 138]
R19[94, 158, 4]
------------------------------------------
