 
------------------------------------------
HEURÍSTICA DE CONSTRUCCIÓN: NearestNeighborWithRLC
COSTO TOTAL: 9555.36
TOTAL DE RUTAS: 19
TIEMPO DE EJECUCIÓN: 304
 
R1[200, 197, 199, 1, 193, 196, 198, 3, 195, 192]
R2[190, 158, 188, 176, 143, 165, 191, 125, 128, 106, 180, 121]
R3[118, 95, 167, 83, 166, 184, 2, 183, 4, 108, 6, 7, 186]
R4[8, 187, 5, 9, 10, 11, 189, 179, 13, 178, 175, 14]
R5[182, 194, 170, 12, 174, 173, 15, 172, 171, 169, 177]
R6[185, 16, 159, 157, 98, 181, 17, 162, 110, 168, 163, 19]
R7[164, 20, 21, 23, 161, 117, 151, 142, 140, 150, 38]
R8[156, 160, 155, 154, 100, 64, 153, 152, 149, 133, 146]
R9[145, 134, 131, 130, 138, 22, 135, 137, 144, 139, 148]
R10[141, 124, 129, 147, 122, 24, 136, 116, 126, 18, 26, 105, 120, 123, 97]
R11[112, 96, 102, 74, 109, 45, 113, 119, 127, 114, 104, 111]
R12[107, 101, 132, 99, 93, 81, 78, 25, 28, 89, 59, 92]
R13[79, 85, 27, 80, 87, 52, 29, 50, 75, 48]
R14[103, 115, 91, 73, 77, 90, 76, 68, 88]
R15[31, 70, 69, 30, 67, 84, 82, 33, 57, 36]
R16[34, 72, 60, 71, 53, 37, 63, 66, 47, 86, 32]
R17[94, 61, 44, 62, 56, 35, 58, 40, 39]
R18[55, 41, 65, 42, 54, 43, 46, 49]
R19[51]
------------------------------------------
