 
------------------------------------------
HEURÍSTICA DE CONSTRUCCIÓN: RandomMethod
COSTO TOTAL: 14611.61
TOTAL DE RUTAS: 18
TIEMPO DE EJECUCIÓN: 38
 
R1[83, 45, 32, 103, 59, 101, 155, 180, 93, 119, 118, 177]
R2[56, 99, 194, 71, 108, 2, 147, 28, 36, 81, 39]
R3[82, 90, 13, 61, 192, 133, 168, 10, 30, 18, 144, 73, 40]
R4[35, 66, 42, 189, 109, 23, 43, 50, 112]
R5[60, 160, 200, 69, 3, 164, 195, 94]
R6[5, 139, 47, 176, 65, 188, 196, 76, 38, 154, 145]
R7[113, 141, 175, 125, 88, 58, 62, 20, 197, 172, 199]
R8[27, 14, 68, 31, 57, 121, 84, 163, 179, 182, 91, 120, 6]
R9[190, 124, 16, 21, 178, 29, 187, 12, 148, 150, 11, 97, 122]
R10[19, 127, 80, 138, 135, 15, 156, 123, 104, 183, 173, 78]
R11[115, 17, 1, 87, 7, 181, 132, 157, 137, 44, 130, 74]
R12[34, 126, 41, 149, 79, 146, 151, 184, 159, 142, 92, 63]
R13[98, 169, 129, 77, 102, 46, 96, 174, 191, 143, 171]
R14[117, 53, 162, 86, 37, 116, 105, 9, 185, 72, 52]
R15[198, 75, 67, 128, 48, 134, 64, 161, 8, 55]
R16[85, 25, 153, 152, 110, 22, 136, 26, 54, 140, 95]
R17[111, 193, 114, 4, 70, 49, 33, 167, 51, 186]
R18[165, 170, 89, 24, 100, 107, 106, 131, 158, 166]
------------------------------------------
