 
------------------------------------------
HEURÍSTICA DE CONSTRUCCIÓN: SaveSequential
COSTO TOTAL: 2985.44
TOTAL DE RUTAS: 18
TIEMPO DE EJECUCIÓN: 346
 
R1[87, 29, 79, 168, 112, 156, 50, 134, 170, 145, 194, 163]
R2[18, 54, 127, 186, 8, 88, 3, 98, 177, 157]
R3[197, 124, 174, 51, 94, 115, 86, 65, 171, 136]
R4[108, 84, 180, 82, 4, 191, 125, 72, 60, 176, 143]
R5[130, 23, 182, 75, 52, 195, 92, 21, 42, 123]
R6[96, 14, 26, 40, 169, 89, 105, 15, 59, 198, 152, 153]
R7[138, 199, 184, 58, 161, 104, 185, 132, 7, 181, 117, 49]
R8[38, 22, 150, 159, 140, 187, 142, 16, 151, 111, 63, 114, 56]
R9[64, 154, 80, 85, 31, 25, 172, 77, 41, 110, 69, 141, 189]
R10[83, 36, 33, 121, 165, 188, 193, 46, 128, 106, 10, 95]
R11[173, 149, 48, 133, 74, 28, 97, 196, 192, 19, 120, 30, 68]
R12[101, 144, 126, 35, 166, 119, 71, 9, 1, 99, 53, 93, 135]
R13[178, 27, 20, 200, 103, 148, 32, 160, 147]
R14[17, 190, 5, 167, 34, 158, 118, 57, 55, 37, 81, 137]
R15[24, 162, 70, 47, 66, 164, 91, 12, 116]
R16[109, 45, 179, 100, 61, 129, 11, 6, 122, 73, 139]
R17[13, 2, 90, 183, 62, 131, 44, 146, 102, 76]
R18[107, 155, 78, 39, 67, 175, 43, 113]
------------------------------------------
