 
------------------------------------------
HEURÍSTICA DE CONSTRUCCIÓN: NearestNeighborWithRLC
COSTO TOTAL: 9166.38
TOTAL DE RUTAS: 19
TIEMPO DE EJECUCIÓN: 321
 
R1[179, 196, 198, 199, 1, 184, 187, 195, 200, 194, 3]
R2[193, 190, 158, 191, 125, 188, 165, 143, 176, 118, 121, 167]
R3[128, 180, 84, 106, 108, 83, 95, 34, 90, 2, 175, 192, 186]
R4[185, 183, 4, 166, 5, 178, 173, 7, 181, 177, 161, 159]
R5[8, 157, 182, 197, 189, 172, 9, 155, 6, 174]
R6[164, 160, 171, 148, 162, 154, 153, 168, 170]
R7[169, 156, 152, 163, 149, 146, 11, 139, 129, 122, 147]
R8[136, 12, 116, 141, 124, 145, 150, 151, 142, 140, 138, 144, 10]
R9[82, 14, 13, 113, 137, 126, 119, 132, 127, 117, 135, 114, 131]
R10[134, 133, 130, 120, 102, 123, 15, 17, 111, 104, 101, 18, 98]
R11[88, 99, 16, 112, 19, 109, 110, 107, 105]
R12[20, 21, 100, 64, 103, 94, 115, 91]
R13[97, 92, 23, 89, 24, 96, 85, 25, 80, 93, 81, 78]
R14[87, 77, 86, 76, 79, 75, 74, 62, 45, 27, 68]
R15[71, 73, 70, 72, 66, 26, 59, 61]
R16[69, 51, 67, 57, 60, 58, 63, 22, 55, 56, 28]
R17[30, 54, 53, 49, 29, 52, 65, 32, 47, 48, 44]
R18[31, 33, 36, 35, 37, 38, 50, 42, 39]
R19[43, 46, 41, 40]
------------------------------------------
