 
------------------------------------------
HEURÍSTICA DE CONSTRUCCIÓN: NearestNeighborWithRLC
COSTO TOTAL: 9370.92
TOTAL DE RUTAS: 19
TIEMPO DE EJECUCIÓN: 301
 
R1[179, 196, 1, 2, 200, 199, 198, 197, 194, 192]
R2[3, 190, 4, 191, 193, 106, 6, 195, 184, 187, 177, 157, 188]
R3[183, 186, 185, 7, 166, 5, 10, 180, 176, 181]
R4[8, 161, 159, 151, 150, 146, 11, 164, 172, 12]
R5[162, 189, 175, 155, 178, 169, 153, 152, 182, 168, 163, 156, 173]
R6[154, 133, 149, 145, 170, 160, 171, 148, 13, 167]
R7[174, 165, 14, 142, 144, 158, 9, 137, 140, 15, 16]
R8[138, 135, 117, 143, 128, 18, 131, 19, 123, 130, 134, 139]
R9[20, 17, 21, 112, 141, 147, 129, 126, 22, 132, 125, 127, 122]
R10[136, 115, 116, 24, 110, 77, 25, 109, 124, 113, 107, 120]
R11[105, 102, 97, 100, 64, 96, 89, 59, 92, 87, 85]
R12[61, 80, 103, 91, 73, 90, 121, 108, 119, 114, 104]
R13[118, 111, 23, 79, 75, 52, 76, 62]
R14[68, 74, 26, 48, 40, 42, 50, 41, 28, 30, 45]
R15[27, 78, 99, 98, 29, 31, 101, 33, 84, 95, 93, 83, 82]
R16[72, 60, 57, 46, 71, 81, 63, 67, 34, 70]
R17[94, 69, 86, 65, 51, 32, 66, 35, 58, 55]
R18[88, 49, 56, 38, 54, 53, 39, 43, 36]
R19[44, 47, 37]
------------------------------------------
