 
------------------------------------------
HEURÍSTICA DE CONSTRUCCIÓN: SaveSequential
COSTO TOTAL: 2956.37
TOTAL DE RUTAS: 18
TIEMPO DE EJECUCIÓN: 394
 
R1[188, 82, 180, 84, 191, 125, 4, 72, 60, 176, 143, 165]
R2[120, 196, 21, 92, 52, 195, 145, 194, 75, 163, 182, 168]
R3[117, 132, 54, 127, 186, 8, 88, 3]
R4[7, 181, 49, 161, 104, 185, 18, 157, 98, 177, 187, 140, 16, 142]
R5[13, 43, 167, 128, 46, 193, 106, 10, 5, 95, 34, 158, 83]
R6[124, 141, 174, 51, 94, 115, 86, 65, 171, 136, 189, 32]
R7[129, 147, 160, 47, 66, 164, 91, 70]
R8[23, 170, 134, 50, 156, 112, 79, 29, 87, 42]
R9[62, 131, 44, 146, 19, 192, 15, 89, 169, 105]
R10[35, 166, 119, 57, 118, 36, 33, 121, 108, 190]
R11[148, 200, 69, 110, 77, 172, 25, 31, 80, 85, 41]
R12[162, 197, 103, 12, 116, 11, 6, 122, 73, 139]
R13[38, 150, 22, 159, 151, 111, 63, 114, 56, 58, 184, 135, 37]
R14[96, 26, 14, 59, 198, 152, 40, 153, 123, 173, 154, 20, 24]
R15[9, 71, 126, 155, 78, 113, 175, 2, 90, 67, 17, 39, 107]
R16[76, 102, 68, 30, 97, 130, 28, 74, 133, 48, 149, 178]
R17[101, 144, 1, 99, 53, 183, 93, 55, 81, 199, 138, 137, 64]
R18[109, 179, 100, 61, 27, 45]
------------------------------------------
