 
------------------------------------------
HEURÍSTICA DE CONSTRUCCIÓN: Sweep
COSTO TOTAL: 7789.18
TOTAL DE RUTAS: 19
TIEMPO DE EJECUCIÓN: 85
 
R1[169, 198, 14, 145, 89, 105, 10, 59, 195, 130, 194, 52]
R2[96, 74, 15, 163, 92, 75, 28, 97, 23, 182]
R3[190, 30, 76, 120, 196, 46, 21, 68, 193, 192, 19]
R4[62, 131, 146, 102, 44, 108, 121, 188, 165, 118]
R5[33, 101, 36, 57, 99, 1, 176, 144, 53, 143, 9]
R6[83, 71, 119, 126, 183, 166, 137, 138, 81, 38, 199, 35, 150, 22, 114]
R7[159, 37, 56, 93, 184, 151, 16, 135, 111, 63, 142]
R8[55, 140, 125, 187, 58, 191, 4, 72, 177, 157, 161, 49]
R9[98, 3, 82, 104, 18, 117, 88, 181, 8, 185]
R10[84, 54, 60, 186, 127, 7, 180, 132, 86, 115]
R11[94, 65, 51, 171, 32, 174, 189, 136, 124, 197, 141]
R12[103, 148, 69, 200, 160, 147, 47, 66]
R13[164, 91, 70, 12, 116, 129, 11, 122, 6, 73]
R14[139, 162, 110, 172, 25, 77, 31, 80, 85, 41]
R15[20, 24, 61, 100, 154, 64, 179, 43, 13, 167, 27]
R16[173, 109, 45, 113, 29, 178, 87, 2, 79, 175, 168, 34, 155]
R17[42, 112, 123, 50, 156, 90, 78, 67, 48, 107, 134]
R18[95, 170, 39, 133, 153, 128, 106, 40, 26, 152, 158, 17, 5]
R19[149]
------------------------------------------
