 
------------------------------------------
HEURÍSTICA DE CONSTRUCCIÓN: RandomMethod
COSTO TOTAL: 14711.58
TOTAL DE RUTAS: 19
TIEMPO DE EJECUCIÓN: 35
 
R1[52, 139, 155, 90, 156, 27, 146, 89, 42]
R2[115, 94, 142, 180, 121, 105, 70, 133, 68, 43]
R3[15, 137, 12, 97, 112, 176, 47, 110, 196, 108]
R4[44, 33, 116, 175, 188, 26, 3, 31, 143, 134]
R5[167, 38, 126, 22, 9, 194, 187, 29, 21, 83, 59, 172]
R6[171, 151, 82, 25, 104, 114, 40, 198, 17, 190, 57, 106, 41, 147]
R7[73, 160, 72, 67, 4, 98, 103, 79, 96]
R8[193, 80, 99, 16, 189, 19, 157, 5, 6, 81, 37, 177, 117, 54]
R9[49, 71, 183, 85, 62, 7, 100, 14, 23, 125, 74, 113]
R10[11, 191, 165, 168, 192, 8, 122, 63, 169, 34, 118]
R11[10, 2, 84, 111, 88, 109, 181, 32, 182, 64]
R12[163, 61, 28, 150, 48, 131, 141, 1, 101, 185, 93, 136, 95]
R13[174, 46, 35, 58, 186, 127, 166, 162, 91, 76]
R14[135, 145, 140, 18, 161, 87, 129, 130, 60, 39, 66]
R15[158, 20, 75, 149, 199, 200, 45, 56, 92, 53, 159]
R16[144, 184, 119, 197, 148, 195, 120, 30, 179, 13]
R17[55, 173, 152, 102, 77, 69, 50, 24, 36]
R18[164, 65, 128, 138, 86, 132, 153, 123, 170, 124, 78, 178, 51]
R19[107, 154]
------------------------------------------
