 
------------------------------------------
HEURÍSTICA DE CONSTRUCCIÓN: RandomMethod
COSTO TOTAL: 15168.94
TOTAL DE RUTAS: 18
TIEMPO DE EJECUCIÓN: 38
 
R1[83, 53, 143, 14, 30, 169, 78, 43, 2, 19, 107, 99]
R2[28, 89, 40, 150, 155, 47, 179, 39, 82, 96, 97]
R3[137, 128, 117, 1, 34, 94, 160, 193, 147, 148, 165, 176]
R4[145, 106, 198, 140, 162, 124, 167, 120, 37, 36, 3]
R5[200, 7, 197, 6, 87, 48, 51, 115, 136, 31, 49, 191]
R6[188, 126, 166, 11, 35, 56, 110, 141, 123, 131, 129]
R7[172, 194, 142, 17, 134, 127, 79, 67, 90, 192, 184]
R8[185, 75, 86, 125, 61, 88, 196, 18, 73, 65, 183]
R9[118, 151, 114, 4, 44, 69, 71, 182, 157, 63, 116, 102]
R10[146, 171, 181, 93, 173, 161, 8, 29, 111, 119]
R11[91, 57, 84, 132, 80, 95, 144, 164, 20, 133, 178]
R12[59, 153, 9, 26, 180, 105, 21, 92, 42, 13, 113]
R13[62, 32, 177, 72, 175, 154, 103, 156, 85, 76]
R14[68, 46, 152, 55, 22, 10, 52, 5, 109]
R15[66, 199, 38, 64, 100, 81, 23, 16, 121, 149, 158, 98]
R16[138, 130, 58, 54, 77, 24, 60, 170, 168, 74, 12, 189, 70]
R17[190, 101, 45, 108, 27, 15, 159, 112, 195, 25, 163]
R18[104, 41, 186, 50, 174, 135, 139, 187, 122, 33]
------------------------------------------
