 
------------------------------------------
HEURÍSTICA DE CONSTRUCCIÓN: CMT
COSTO TOTAL: 3569.42
TOTAL DE RUTAS: 20
TIEMPO DE EJECUCIÓN: 507
 
R1[141, 69, 174, 51, 94, 115, 171, 65, 86, 136, 124]
R2[83, 143, 176, 36, 33, 121, 165, 188]
R3[168, 79, 29, 87, 112, 156, 42, 50, 145, 194, 163]
R4[148, 103, 200, 197, 189, 32, 160, 47, 147]
R5[28]
R6[185, 132, 54, 127, 186, 18, 7, 117, 104, 181, 161, 98]
R7[152, 40, 48, 169, 195, 52, 170, 134, 123, 153, 26, 133]
R8[39, 107, 78, 17, 67, 155, 113, 175]
R9[80, 31, 77, 172, 25, 85, 41, 110, 20, 70]
R10[28, 74, 68, 30, 19, 146, 44, 131, 102, 120, 192, 149]
R11[58, 157, 177, 3, 88, 8, 49, 187, 140, 142]
R12[35, 166, 119, 126, 71, 144, 9, 1, 101, 99, 53]
R13[45, 109, 179, 27, 64, 100, 61, 24, 154, 178, 162]
R14[137, 199, 184, 37, 81, 93, 183, 55, 135, 138, 56, 151]
R15[198, 105, 89, 92, 75, 182, 23, 21, 15, 59, 14]
R16[4, 191, 84, 180, 72, 82, 60, 125]
R17[128, 106, 46, 193, 10, 5, 167, 34, 95, 158, 190]
R18[43, 13, 73, 6, 12, 116, 129, 11, 139, 122, 91, 66]
R19[118, 159, 38, 22, 150, 16, 111, 63, 114, 196, 97, 96, 130]
R20[62, 108, 57, 164, 2, 90, 173, 76]
------------------------------------------
