 
------------------------------------------
HEURÍSTICA DE CONSTRUCCIÓN: SaveSequential
COSTO TOTAL: 2887.09
TOTAL DE RUTAS: 18
TIEMPO DE EJECUCIÓN: 387
 
R1[69, 141, 174, 51, 94, 115, 86, 65, 171, 136, 189]
R2[60, 180, 84, 191, 125, 4, 82, 72, 46, 193, 128, 106]
R3[196, 21, 182, 163, 75, 194, 145, 195, 52, 92, 79]
R4[175, 2, 95, 10, 5, 167, 34, 158, 190, 121, 36]
R5[59, 23, 134, 156, 112, 168, 29, 87, 50, 42]
R6[148, 103, 124, 200, 197, 32, 160, 47, 147]
R7[130, 15, 89, 169, 170, 123, 153, 40, 152, 105, 198, 14, 26]
R8[179, 41, 85, 80, 31, 25, 172, 77, 110, 162, 24]
R9[181, 132, 54, 127, 186, 8, 88, 98, 177]
R10[73, 129, 66, 164, 91, 70, 12, 116, 11, 6]
R11[38, 150, 22, 140, 187, 3, 157, 18, 185, 104, 161, 117, 49, 7]
R12[114, 159, 16, 142, 111, 151, 63, 56, 58, 184, 135, 37]
R13[68, 30, 120, 19, 192, 97, 96, 28, 74, 133, 48, 149, 173]
R14[183, 137, 138, 81, 199, 55, 93, 35, 166, 126, 71, 9]
R15[64, 154, 27, 178, 76, 102, 146, 44, 131, 62]
R16[119, 57, 118, 83, 188, 165, 143, 176, 33, 108, 43, 13]
R17[139, 122, 113, 155, 78, 39, 17, 67, 90, 101, 144, 1, 99, 53]
R18[109, 45, 100, 20, 61, 107]
------------------------------------------
