 
------------------------------------------
HEURÍSTICA DE CONSTRUCCIÓN: RandomMethod
COSTO TOTAL: 14767.6
TOTAL DE RUTAS: 19
TIEMPO DE EJECUCIÓN: 33
 
R1[12, 176, 75, 28, 82, 193, 189, 136, 1, 157, 13, 199, 113]
R2[190, 58, 167, 5, 83, 97, 30, 84, 182, 130, 183]
R3[67, 147, 148, 52, 197, 102, 53, 94, 69, 2]
R4[174, 11, 164, 142, 154, 170, 134, 16, 4, 74, 108]
R5[162, 106, 35, 38, 115, 80, 3, 77, 37, 160]
R6[110, 169, 59, 165, 192, 179, 81, 92, 93, 99, 138, 184]
R7[171, 27, 63, 62, 44, 177, 149, 55]
R8[121, 196, 116, 185, 151, 17, 172, 156, 133, 61, 26, 18]
R9[111, 145, 105, 14, 66, 153, 141, 109, 137, 85, 25]
R10[76, 104, 175, 91, 22, 96, 188, 68, 198, 161, 64, 56, 132]
R11[119, 131, 144, 181, 117, 49, 114, 150, 57, 200, 65, 163]
R12[195, 10, 168, 15, 126, 187, 73, 118, 123, 24, 48, 127, 60]
R13[9, 100, 86, 46, 158, 139, 7, 41, 39, 42, 98]
R14[33, 32, 129, 191, 45, 31, 79, 29, 21, 155, 125, 128, 146]
R15[8, 95, 71, 70, 173, 120, 23, 50, 103]
R16[19, 88, 89, 112, 107, 152, 143, 54, 178]
R17[122, 166, 43, 47, 34, 40, 90, 72, 140, 194]
R18[20, 124, 135, 180, 159, 186, 6, 51, 87, 101]
R19[36, 78]
------------------------------------------
