 
------------------------------------------
HEURÍSTICA DE CONSTRUCCIÓN: CMT
COSTO TOTAL: 3474.48
TOTAL DE RUTAS: 20
TIEMPO DE EJECUCIÓN: 454
 
R1[78, 155, 90, 2, 175, 67, 17, 39, 107, 113, 13, 43]
R2[139, 122]
R3[170, 134, 156, 79, 168, 29, 50, 112, 87, 42, 123]
R4[73, 6, 11, 129]
R5[132, 54, 127, 186, 8, 7, 185, 18, 104, 117]
R6[20, 31, 25, 172, 77, 80, 85, 41, 110, 162]
R7[198, 14, 96, 130, 59, 192, 196, 97, 28, 133, 48, 26, 74]
R8[135, 184, 56, 151, 16, 159, 22, 150, 38, 114, 199, 111, 63]
R9[194, 163, 182, 75, 145, 52, 195, 92, 23, 21]
R10[193, 128, 46, 106, 34, 167, 5, 95, 158, 190, 191, 10, 125]
R11[179, 100, 61, 24, 154, 64, 109, 45, 27, 173, 178]
R12[176, 72, 4, 84, 180, 82, 36, 121, 60]
R13[12, 116, 47, 160, 147, 66, 164, 91]
R14[55, 49, 181, 161, 177, 93, 3, 88, 157, 98, 58]
R15[197, 69, 200, 148, 70, 103, 141, 124]
R16[174, 51, 94, 115, 86, 65, 171, 136, 189, 32]
R17[143, 33, 165, 188, 108, 83, 118, 57, 119, 166, 35, 126, 101]
R18[76, 144, 71, 9, 1, 99, 62, 131, 53, 183]
R19[169, 140, 187, 142, 37, 81, 138, 137, 44, 102, 146, 19]
R20[68, 120, 149, 152, 153, 40, 15, 89, 105, 30]
------------------------------------------
