 
------------------------------------------
HEURÍSTICA DE CONSTRUCCIÓN: RandomMethod
COSTO TOTAL: 14689.05
TOTAL DE RUTAS: 19
TIEMPO DE EJECUCIÓN: 35
 
R1[189, 119, 163, 31, 34, 84, 27, 133, 79, 118, 33]
R2[144, 68, 138, 150, 35, 183, 6, 9, 95, 193, 159, 112]
R3[132, 185, 97, 96, 198, 54, 51, 107, 87, 12]
R4[52, 80, 39, 149, 175, 105, 17, 4, 101, 178, 73, 92, 81, 99, 134]
R5[102, 88, 77, 191, 168, 2, 122, 90, 195, 57, 162]
R6[197, 113, 120, 49, 70, 146, 145, 108, 170, 47]
R7[37, 177, 131, 82, 199, 147, 40, 111, 89, 26, 184, 123]
R8[76, 129, 13, 19, 50, 156, 200, 65, 58, 135]
R9[174, 94, 148, 64, 53, 14, 127, 165, 30, 180, 121]
R10[143, 124, 110, 29, 56, 1, 75, 157, 114, 140, 66]
R11[166, 11, 109, 48, 130, 176, 44, 5, 179, 116, 22]
R12[71, 93, 161, 186, 187, 154, 62, 20, 158, 192, 41, 126]
R13[182, 85, 188, 63, 7, 74, 42, 23, 155, 55]
R14[83, 16, 25, 91, 78, 72, 43, 59, 46, 167]
R15[142, 125, 45, 164, 160, 141, 15, 24, 67, 128, 106, 196]
R16[38, 18, 86, 32, 69, 136, 60, 28, 137, 61, 98, 153, 36]
R17[115, 100, 169, 151, 152, 171, 8, 104]
R18[173, 117, 194, 103, 139, 10, 181, 3, 172, 21]
R19[190]
------------------------------------------
