 
------------------------------------------
HEURÍSTICA DE CONSTRUCCIÓN: CMT
COSTO TOTAL: 3451.65
TOTAL DE RUTAS: 21
TIEMPO DE EJECUCIÓN: 506
 
R1[189, 32, 65, 86, 115, 94, 171, 51, 136, 174]
R2[81, 137, 183, 93, 135, 138, 199, 184, 58, 55, 37]
R3[151, 16, 140, 187, 111, 142, 38, 22, 150, 159, 114, 63, 56]
R4[164]
R5[108, 83, 33, 165, 57, 118, 188, 190, 158, 121, 36]
R6[164, 91, 110, 162, 73, 116, 12, 70, 47, 6]
R7[76, 149, 173, 27, 178, 154, 24, 64, 100, 61, 179, 45]
R8[60, 143, 176, 72]
R9[40, 105, 152, 48, 198, 14, 26, 59, 15, 89, 169, 153]
R10[90, 67, 13, 43, 2, 175, 78, 155, 113, 39, 17, 107]
R11[9, 144, 1, 99, 101, 71, 126, 119, 166, 35, 53]
R12[147, 66, 160, 129, 11, 122, 139, 77, 172]
R13[197, 124, 141, 69, 148, 103, 200]
R14[87, 29, 168, 79, 112, 156, 50, 42, 123, 134, 170, 80]
R15[145, 194, 163, 182, 75, 195, 52, 92, 23, 21]
R16[125, 191, 84, 180, 82, 4, 46, 128, 193, 106, 10, 5, 167]
R17[54, 18, 98, 88, 8, 186, 127, 132, 185]
R18[81, 49, 161, 104, 117, 181, 7, 157, 3, 177, 95, 34]
R19[62, 41, 85, 31, 25, 20, 196, 97, 96, 130, 133, 74]
R20[102, 131, 44, 109]
R21[146, 120, 19, 192, 28, 30, 68]
------------------------------------------
