 
------------------------------------------
HEURÍSTICA DE CONSTRUCCIÓN: CMT
COSTO TOTAL: 3690.25
TOTAL DE RUTAS: 22
TIEMPO DE EJECUCIÓN: 542
 
R1[3, 177, 186, 181, 161, 185, 132, 127, 117, 104, 157, 98]
R2[21]
R3[16, 142, 159, 111, 187, 140, 22, 150, 38, 151, 114, 63]
R4[35, 166, 126]
R5[19, 192, 196, 15, 89, 97, 105, 59]
R6[106, 5, 10, 190, 158, 95, 34, 167, 128, 46, 193, 108]
R7[41, 31, 80, 85, 25, 172, 77, 110, 20, 162]
R8[120, 28, 198, 14, 131, 68, 102, 44, 146, 30, 130, 96, 74]
R9[191, 84, 125, 180, 82, 4, 72, 60, 176, 36, 165]
R10[184]
R11[129, 11, 122, 6, 139, 73, 116]
R12[156, 170, 134, 79, 168, 112, 87, 29, 50, 42, 123, 153]
R13[178, 149, 45, 27, 173, 154, 100, 64, 24, 61, 179, 109]
R14[75, 194, 182, 163, 145, 195, 52, 23, 92, 169]
R15[1, 144, 119, 71, 9, 99, 101, 53, 57, 83, 118, 143, 188]
R16[184, 199, 138, 81, 137, 183, 93, 135, 55, 37, 56, 58, 49]
R17[3, 88, 8, 54, 18, 7]
R18[91, 32, 171, 189, 136, 51, 94, 174, 65, 115, 86]
R19[67, 141, 69, 200, 197, 124, 103, 148, 40, 26]
R20[43, 13, 2, 175, 33, 121, 113]
R21[164, 66, 147, 160, 47, 70, 12]
R22[17, 39, 78, 155, 90, 133, 48, 152, 76, 62, 107]
------------------------------------------
