 
------------------------------------------
HEURÍSTICA DE CONSTRUCCIÓN: Sweep
COSTO TOTAL: 7750.99
TOTAL DE RUTAS: 19
TIEMPO DE EJECUCIÓN: 78
 
R1[48, 107, 134, 95, 170, 39, 133, 153, 128, 106, 40, 26, 152]
R2[158, 17, 5, 149, 169, 198, 14, 145, 89, 105, 10, 59]
R3[195, 130, 194, 52, 96, 74, 15, 163, 92, 75, 28]
R4[97, 23, 182, 190, 30, 76, 120, 196, 46]
R5[21, 68, 193, 192, 19, 62, 131, 146, 102, 44]
R6[108, 121, 188, 165, 118, 33, 101, 36, 57, 99, 1]
R7[176, 144, 53, 143, 9, 83, 71, 119, 126, 183, 166, 137]
R8[138, 81, 38, 199, 35, 150, 22, 114, 159, 37, 56, 93, 184, 151, 16]
R9[135, 111, 63, 142, 55, 140, 125, 187, 58, 191, 4]
R10[72, 177, 157, 161, 49, 98, 3, 82, 104, 18, 117]
R11[88, 181, 8, 185, 84, 54, 60, 186, 127]
R12[7, 180, 132, 86, 115, 94, 65, 51, 171, 32]
R13[174, 189, 136, 124, 197, 141, 103, 148, 69, 200]
R14[160, 147, 47, 66, 164, 91, 70, 12]
R15[116, 129, 11, 122, 6, 73, 139, 162, 110, 172]
R16[25, 77, 31, 80, 85, 41, 20, 24, 61, 100, 154, 64]
R17[179, 43, 13, 167, 27, 173, 109, 45, 113, 29, 178, 87]
R18[2, 79, 175, 168, 34, 155, 42, 112, 123, 50, 156, 90]
R19[78, 67]
------------------------------------------
