 
------------------------------------------
HEURÍSTICA DE CONSTRUCCIÓN: RandomMethod
COSTO TOTAL: 14512.57
TOTAL DE RUTAS: 18
TIEMPO DE EJECUCIÓN: 39
 
R1[14, 74, 128, 148, 6, 108, 132, 15, 63, 121, 110]
R2[78, 51, 158, 180, 33, 18, 53, 43, 169, 80, 173]
R3[40, 8, 95, 34, 41, 154, 125, 102, 62, 27]
R4[139, 103, 116, 49, 163, 67, 5, 197, 13, 89]
R5[107, 174, 85, 191, 160, 124, 141, 55, 92]
R6[42, 190, 145, 122, 149, 47, 192, 105, 171, 57]
R7[195, 56, 50, 16, 30, 196, 29, 183, 120, 60, 200, 126]
R8[118, 140, 26, 189, 106, 66, 193, 188, 72, 76]
R9[134, 83, 10, 162, 31, 88, 138, 64, 38, 82, 151, 147]
R10[96, 7, 36, 93, 186, 152, 9, 4, 65, 136, 176, 150]
R11[109, 71, 86, 32, 91, 146, 68, 112, 178, 194, 11]
R12[21, 73, 115, 79, 84, 156, 111, 75, 69]
R13[177, 54, 119, 159, 185, 130, 127, 104, 12, 166, 23]
R14[44, 165, 46, 17, 184, 168, 25, 99, 2, 39, 153, 123, 77, 98, 90]
R15[155, 175, 59, 97, 164, 94, 61, 35, 24, 117, 22]
R16[52, 167, 131, 157, 129, 182, 48, 199, 1, 19, 28]
R17[70, 179, 45, 187, 100, 113, 198, 20, 170, 161, 3, 137]
R18[144, 133, 58, 101, 87, 172, 114, 135, 181, 143, 142, 37, 81]
------------------------------------------
