 
------------------------------------------
HEURÍSTICA DE CONSTRUCCIÓN: NearestNeighborWithRLC
COSTO TOTAL: 9295.39
TOTAL DE RUTAS: 19
TIEMPO DE EJECUCIÓN: 312
 
R1[179, 1, 199, 198, 196, 195, 194, 3, 2, 193, 191]
R2[180, 190, 158, 188, 176, 143, 121, 165, 128, 106, 10]
R3[5, 184, 187, 186, 4, 183, 185, 192, 182, 178, 7, 181]
R4[161, 177, 175, 155, 200, 6, 197, 189, 174, 171, 172, 173]
R5[169, 163, 168, 170, 162, 154, 153, 164, 147, 160]
R6[152, 166, 167, 159, 9, 157, 11, 139, 12, 149, 133, 130]
R7[97, 156, 150, 151, 144, 138, 8, 142, 146, 14]
R8[105, 137, 13, 15, 16, 18, 135, 140, 131, 109, 120, 30]
R9[74, 96, 134, 19, 102, 107, 113, 90, 148, 141, 136, 124, 122, 129]
R10[126, 20, 145, 92, 75, 112, 123, 17, 21, 23]
R11[100, 64, 61, 110, 85, 41, 119, 24, 77, 116]
R12[103, 25, 80, 48, 26, 59, 40, 114, 132, 22, 127]
R13[27, 91, 118, 125, 111, 28, 29, 89, 87, 117]
R14[104, 101, 108, 99, 98, 95, 93, 31, 94, 86, 32, 33, 83]
R15[72, 84, 82, 60, 57, 46, 34, 36, 81, 71, 53]
R16[78, 35, 67, 39, 37, 76, 42, 38, 63, 68]
R17[79, 73, 66, 70, 69, 43, 45, 62, 56]
R18[88, 58, 55, 44, 54, 49, 50, 47]
R19[51, 52, 65, 115]
------------------------------------------
