 
------------------------------------------
HEURÍSTICA DE CONSTRUCCIÓN: NearestNeighborWithRLC
COSTO TOTAL: 9450.99
TOTAL DE RUTAS: 18
TIEMPO DE EJECUCIÓN: 332
 
R1[179, 196, 1, 2, 200, 198, 3, 5, 193, 191, 125, 4]
R2[199, 7, 187, 195, 6, 190, 188, 180, 186, 185, 181, 161]
R3[192, 194, 184, 8, 9, 10, 176, 11, 139]
R4[129, 164, 13, 197, 12, 189, 14, 183, 178, 175, 155, 113, 173]
R5[182, 16, 15, 169, 177, 157, 159, 18, 167, 166, 144, 138, 151]
R6[150, 163, 170, 168, 156, 154, 109, 100, 172, 162, 17, 165]
R7[160, 171, 148, 147, 174, 141, 19, 153, 149]
R8[21, 20, 158, 143, 137, 152, 146, 133, 134, 123]
R9[23, 24, 145, 112, 130, 120, 105, 131, 114, 22, 142, 26]
R10[97, 96, 89, 102, 74, 76, 110, 77, 85, 80, 64]
R11[61, 116, 136, 124, 122, 107, 90, 126, 27, 45, 91, 115]
R12[103, 25, 73, 108, 132, 135, 127, 28, 30, 140]
R13[119, 29, 121, 33, 128, 118, 31, 99, 117, 98, 104, 93, 101]
R14[71, 111, 95, 106, 46, 83, 88, 82, 34, 36, 84, 81]
R15[63, 58, 56, 38, 68, 87, 79, 78, 72, 70]
R16[94, 86, 65, 92, 62, 67, 66, 69, 32, 51, 47]
R17[43, 39, 59, 52, 50, 42, 48, 40, 44, 53]
R18[60, 37, 55, 35, 57, 49, 41, 54, 75]
------------------------------------------
