 
------------------------------------------
HEURÍSTICA DE CONSTRUCCIÓN: SaveSequential
COSTO TOTAL: 2960.8
TOTAL DE RUTAS: 18
TIEMPO DE EJECUCIÓN: 357
 
R1[54, 18, 127, 186, 8, 88, 3, 98, 177, 157]
R2[91, 47, 160, 86, 115, 94, 65, 51, 136, 189]
R3[38, 22, 150, 159, 151, 16, 140, 187, 142, 111, 63, 114, 56]
R4[106, 193, 46, 128, 125, 191, 84, 180, 82, 4, 72, 60]
R5[34, 167, 5, 10, 95, 158, 190, 121, 36, 176, 165]
R6[45, 154, 80, 85, 31, 25, 172, 77, 41, 110, 69, 141, 124]
R7[162, 200, 197, 174, 171, 32, 103, 148]
R8[182, 163, 194, 145, 170, 134, 156, 112, 168, 79, 29, 87]
R9[123, 42, 50, 195, 52, 75, 23, 92, 21, 105]
R10[135, 58, 161, 104, 185, 132, 7, 181, 117, 49, 184, 199]
R11[146, 19, 192, 196, 15, 89, 169, 153, 40, 152, 198]
R12[73, 147, 66, 164, 70, 12, 116, 129, 11, 6, 122]
R13[30, 120, 97, 59, 14, 26, 96, 130, 28, 74, 133, 48, 149]
R14[13, 43, 108, 33, 143, 83, 188, 118, 57, 119, 166, 35]
R15[68, 178, 27, 173, 20, 24, 61, 100, 64, 179, 109]
R16[71, 126, 107, 78, 39, 17, 67, 175, 90, 2, 155, 113, 139]
R17[183, 137, 138, 81, 37, 55, 93, 53, 9, 144, 1, 99]
R18[101, 62, 131, 44, 102, 76]
------------------------------------------
