 
------------------------------------------
HEURÍSTICA DE CONSTRUCCIÓN: CMT
COSTO TOTAL: 3607.07
TOTAL DE RUTAS: 21
TIEMPO DE EJECUCIÓN: 531
 
R1[186, 127, 8, 98, 88, 3, 177, 157, 54]
R2[181, 117, 132, 7, 104, 185, 18, 161, 49]
R3[149, 74, 28, 120, 196, 97, 192]
R4[184, 56, 63, 58, 114, 151, 111, 142, 187, 140, 16, 159]
R5[171, 136, 174, 141, 197, 200, 69, 124, 189, 32, 51]
R6[102, 44, 131, 62, 76, 68, 146, 22, 150, 38, 30]
R7[168, 87, 29, 79, 112, 156, 42, 50, 123, 134, 170]
R8[179, 109, 45]
R9[72, 82, 4, 180, 84, 191, 125, 60]
R10[78, 39, 67, 155, 175, 2, 43, 13, 90, 17, 107, 113]
R11[160, 47, 147, 66, 164, 91, 70, 12, 122]
R12[143, 176, 36, 46, 193, 128, 106, 10, 5, 33]
R13[195, 194, 163, 75, 182, 145, 52, 92, 23, 21]
R14[115, 86, 94, 65, 103, 148]
R15[133, 14, 198, 26, 152, 105, 89, 169, 59, 15, 40, 153]
R16[119, 101, 144]
R17[83, 165, 121, 188, 118, 167, 34, 95, 108, 190, 158, 57]
R18[64, 41, 20, 77, 172, 25, 31, 80, 85, 154, 24, 100, 173]
R19[166, 130, 96, 48, 110, 116, 129, 11, 162, 6, 73, 178]
R20[137, 81, 37, 183, 138, 199, 135, 55, 93, 35, 126, 71]
R21[19, 139, 27, 61, 53, 9, 1, 99]
------------------------------------------
