 
------------------------------------------
HEURÍSTICA DE CONSTRUCCIÓN: CMT
COSTO TOTAL: 3608.75
TOTAL DE RUTAS: 20
TIEMPO DE EJECUCIÓN: 542
 
R1[164, 91, 47, 66, 147, 160, 12, 116, 129]
R2[71, 126, 35, 166, 119, 144, 9, 1, 101]
R3[117, 181, 132, 127, 140, 187, 177, 157, 161, 186, 185, 104, 98]
R4[21, 23, 92, 194, 163, 75, 182, 145, 195, 52]
R5[53, 99]
R6[68, 146, 102, 178]
R7[141, 69, 200, 197, 148, 103, 124, 70]
R8[171, 94, 86, 115, 65, 51, 174, 32, 189, 136]
R9[57, 118, 83, 188, 108, 158, 190, 165, 33, 121, 143, 95]
R10[137, 138, 183, 93, 135, 184, 199, 81, 37, 55, 114, 56]
R11[117, 49, 18, 8, 88, 7, 54, 3, 58, 63]
R12[25, 172, 77, 110, 162, 20, 24, 61, 179, 45, 64]
R13[62, 76, 131, 111, 142, 44, 159, 16, 151, 150]
R14[26, 153, 112, 168, 79, 42, 123, 40, 156, 50, 134]
R15[31, 80, 85, 41, 154, 100, 173, 27, 109, 29, 87]
R16[30, 120, 19, 28, 192, 97, 196, 15, 96, 74, 130, 59]
R17[180, 82, 4, 191, 84, 125, 72, 60, 46, 128, 193, 106]
R18[67, 90, 176, 36, 10, 5, 167, 34, 2, 43, 175]
R19[107, 38, 22, 170, 169, 89, 105, 152, 198, 14, 48, 133, 149, 6]
R20[17, 139, 73, 11, 122, 13, 113, 155, 78, 39]
------------------------------------------
