 
------------------------------------------
HEURÍSTICA DE CONSTRUCCIÓN: SaveSequential
COSTO TOTAL: 2958.7
TOTAL DE RUTAS: 18
TIEMPO DE EJECUCIÓN: 415
 
R1[36, 82, 180, 84, 191, 125, 4, 72, 60, 176, 165]
R2[21, 23, 92, 75, 182, 163, 194, 145, 195, 52]
R3[34, 167, 5, 128, 46, 193, 106, 10, 95, 158, 190, 121]
R4[58, 127, 186, 8, 88, 3, 98, 177, 157, 54]
R5[39, 67, 90, 108, 33, 143, 83, 188, 118, 57, 119, 166]
R6[64, 154, 80, 85, 31, 25, 172, 77, 41, 110, 69, 141, 124]
R7[133, 134, 156, 112, 168, 79, 29, 87, 50, 42, 170, 123]
R8[200, 189, 136, 174, 171, 51, 94, 115, 86, 65, 32]
R9[120, 196, 15, 89, 169, 105, 198, 152, 40, 153, 26, 14, 96]
R10[56, 114, 63, 187, 140, 16, 142, 111, 151, 159, 150, 22, 38]
R11[160, 147, 129, 11, 122, 113, 13, 43, 2, 175, 155, 78]
R12[37, 55, 49, 181, 117, 161, 104, 18, 185, 132, 7]
R13[99, 9, 71, 126, 35, 93, 135, 184, 199, 81, 138, 137, 183]
R14[12, 164, 66, 47, 91, 70, 103, 197]
R15[107, 17, 144, 1, 53, 101, 44, 146, 19, 192, 97]
R16[139, 73, 6, 116, 148, 162, 20, 24, 61, 100]
R17[62, 131, 102, 68, 30, 149, 74, 130, 59, 28, 48, 173]
R18[76, 178, 27, 179, 45, 109]
------------------------------------------
