 
------------------------------------------
HEURÍSTICA DE CONSTRUCCIÓN: SaveParallel
COSTO TOTAL: 2630.73
TOTAL DE RUTAS: 19
TIEMPO DE EJECUCIÓN: 22490
 
R1[18, 54, 127, 186, 8, 3, 88, 98, 177, 157]
R2[32, 86, 115, 65, 94, 51, 171, 174, 136, 189, 124]
R3[52, 195, 145, 194, 75, 163, 182, 23, 92, 21]
R4[106, 128, 46, 193, 125, 191, 84, 180, 82, 4, 72, 60]
R5[114, 22, 150, 38, 159, 151, 16, 140, 187, 142, 111, 63, 56]
R6[57, 118, 83, 188, 165, 143, 176, 36, 33, 121, 108]
R7[135, 49, 117, 181, 7, 132, 185, 104, 161, 58, 184, 199]
R8[123, 42, 87, 29, 79, 168, 112, 156, 50, 134, 170, 153]
R9[200, 69, 141, 197, 103, 148, 70]
R10[183, 137, 138, 81, 37, 55, 93]
R11[130, 96, 59, 15, 105, 89, 169, 40, 152, 198, 14, 26]
R12[116, 12, 91, 164, 66, 47, 160, 147, 129]
R13[53, 99, 1, 9, 71, 126, 35, 166, 119, 144, 101]
R14[162, 110, 77, 172, 25, 31, 80, 85, 41, 20]
R15[149, 48, 133, 74, 28, 97, 196, 192, 19, 120, 30, 68]
R16[76, 102, 146, 44, 131, 62]
R17[109, 45, 179, 64, 100, 61, 24, 154, 173, 27, 178]
R18[113, 13, 43, 34, 167, 5, 10, 95, 158, 190, 90, 2, 175]
R19[73, 6, 11, 122, 139, 155, 78, 67, 17, 39, 107]
------------------------------------------
