 
------------------------------------------
HEURÍSTICA DE CONSTRUCCIÓN: SaveSequential
COSTO TOTAL: 2984.01
TOTAL DE RUTAS: 18
TIEMPO DE EJECUCIÓN: 360
 
R1[187, 157, 98, 177, 88, 3, 8, 186, 127, 54]
R2[141, 124, 136, 174, 51, 94, 115, 86, 65, 171, 189, 32]
R3[93, 181, 117, 161, 104, 18, 185, 132, 7, 49, 58, 63, 16]
R4[2, 167, 128, 46, 193, 191, 84, 180, 82, 4, 72]
R5[155, 175, 43, 34, 106, 10, 5, 125, 60, 143, 176, 36]
R6[67, 90, 95, 158, 190, 121, 33, 165, 188, 108, 83, 118]
R7[147, 160, 47, 148, 103, 197, 69, 200]
R8[107, 78, 13, 57, 119, 166, 35, 126, 71, 9, 144, 1]
R9[24, 31, 80, 85, 25, 172, 77, 41, 110, 162, 91]
R10[198, 145, 194, 163, 182, 75, 23, 92, 52, 195, 168]
R11[178, 173, 29, 79, 87, 42, 170, 134, 50, 156, 112, 123]
R12[137, 135, 55, 184, 111, 142, 140, 22, 150, 38, 151]
R13[113, 122, 6, 11, 129, 66, 164, 70, 12, 116, 73]
R14[14, 59, 15, 105, 89, 21, 169, 153, 40, 152, 26]
R15[30, 120, 19, 192, 196, 97, 96, 130, 28, 74, 133, 48, 149]
R16[139, 20, 61, 100, 64, 154, 27, 179, 45, 109]
R17[101, 99, 53, 183, 37, 199, 56, 114, 159, 138, 81, 44, 146, 68]
R18[39, 17, 131, 102, 62, 76]
------------------------------------------
