 
------------------------------------------
HEURÍSTICA DE CONSTRUCCIÓN: RandomMethod
COSTO TOTAL: 15108.72
TOTAL DE RUTAS: 19
TIEMPO DE EJECUCIÓN: 34
 
R1[197, 107, 146, 28, 151, 127, 73, 81, 106, 152, 195]
R2[134, 120, 4, 48, 138, 41, 44, 50, 52, 177, 159, 183]
R3[15, 156, 112, 93, 145, 100, 171, 75, 67]
R4[20, 157, 91, 24, 11, 176, 191, 115, 165, 137, 82, 46]
R5[178, 184, 53, 117, 78, 95, 68, 174, 17, 118, 25, 140, 83, 92]
R6[63, 129, 167, 66, 34, 40, 189, 193, 39, 169, 9]
R7[65, 74, 87, 119, 99, 64, 12, 26, 122, 72, 196, 98, 84]
R8[79, 21, 116, 97, 135, 114, 80, 161, 142, 123, 5]
R9[181, 131, 162, 170, 121, 85, 2, 96, 29, 109]
R10[59, 33, 186, 190, 148, 6, 182, 185, 23]
R11[55, 173, 136, 130, 76, 102, 13, 57, 125, 54]
R12[88, 3, 155, 22, 45, 168, 200, 14, 101, 1, 35, 49]
R13[188, 58, 18, 164, 70, 128, 30, 147, 37, 192, 62, 16]
R14[172, 110, 149, 104, 61, 43, 32, 163, 194, 153]
R15[132, 139, 160, 27, 133, 150, 36, 199, 89]
R16[56, 187, 8, 60, 86, 10, 175, 154, 108, 94, 77, 198]
R17[103, 141, 38, 143, 113, 124, 69, 105, 90, 179, 126, 51, 7, 144]
R18[111, 47, 42, 166, 19, 31, 71, 180]
R19[158]
------------------------------------------
