 
------------------------------------------
HEURÍSTICA DE CONSTRUCCIÓN: RandomMethod
COSTO TOTAL: 14908.32
TOTAL DE RUTAS: 19
TIEMPO DE EJECUCIÓN: 36
 
R1[45, 197, 65, 103, 114, 54, 182, 2, 106, 193]
R2[100, 188, 108, 138, 173, 94, 60, 147, 109, 10, 91]
R3[181, 127, 187, 39, 61, 97, 9, 40, 35, 170, 37]
R4[156, 70, 168, 186, 74, 42, 5, 161, 82, 141, 149]
R5[73, 57, 102, 126, 75, 200, 12, 115, 194, 90, 121]
R6[93, 29, 62, 86, 92, 196, 43, 174, 46, 69, 171, 165]
R7[71, 176, 167, 157, 83, 81, 7, 159, 41, 31, 151, 27]
R8[169, 18, 180, 111, 50, 143, 122, 68, 179, 47]
R9[101, 146, 15, 38, 51, 130, 155, 172, 78, 13, 129, 185, 117]
R10[192, 11, 79, 104, 16, 58, 144, 131, 124, 166, 30, 175]
R11[160, 67, 48, 123, 64, 112, 189, 120, 99, 150, 154, 59, 140]
R12[96, 32, 137, 195, 76, 19, 56, 87, 1, 153, 145]
R13[119, 178, 134, 88, 98, 4, 23, 24, 113, 55]
R14[164, 191, 163, 14, 135, 89, 53, 125, 110, 52, 44]
R15[21, 148, 6, 80, 183, 107, 128, 105, 152, 198, 133, 136, 25]
R16[190, 118, 26, 34, 28, 49, 199, 63, 132, 116]
R17[139, 3, 77, 184, 85, 8, 20, 142]
R18[66, 158, 95, 22, 17, 162, 36, 33, 72]
R19[84, 177]
------------------------------------------
