 
------------------------------------------
HEURÍSTICA DE CONSTRUCCIÓN: NearestNeighborWithRLC
COSTO TOTAL: 9445.81
TOTAL DE RUTAS: 18
TIEMPO DE EJECUCIÓN: 340
 
R1[200, 199, 1, 190, 193, 188, 176, 165, 192, 198, 196, 195]
R2[194, 3, 4, 180, 191, 143, 183, 2, 175, 197]
R3[5, 167, 189, 7, 8, 187, 185, 9, 186, 184]
R4[182, 179, 6, 178, 174, 171, 160, 164, 173]
R5[172, 162, 154, 170, 169, 181, 11, 139, 129, 158, 128]
R6[106, 166, 177, 161, 159, 10, 157, 151, 150, 163, 168, 12, 148, 156]
R7[152, 153, 40, 26, 130, 97, 155, 113, 149, 146, 144]
R8[138, 140, 145, 123, 112, 14, 13, 15, 16, 137, 17, 126, 19]
R9[134, 133, 131, 142, 18, 127, 117, 135, 20, 147, 21, 120]
R10[105, 102, 110, 141, 122, 136, 116, 91, 124, 103, 94]
R11[121, 22, 132, 23, 100, 64, 61, 27, 109]
R12[107, 101, 24, 96, 89, 87, 29, 79, 75, 92, 74, 85, 77]
R13[76, 68, 80, 70, 90, 119, 125, 25, 69, 66, 73]
R14[78, 118, 114, 111, 108, 99, 28, 30, 104, 31, 93]
R15[95, 46, 36, 83, 72, 98, 88, 81, 33, 84]
R16[60, 57, 82, 34, 71, 53, 35, 55, 63, 67, 62]
R17[56, 58, 54, 49, 37, 44, 59, 48, 52, 38, 50, 45]
R18[47, 115, 86, 65, 41, 43, 32, 39, 42, 51]
------------------------------------------
