 
------------------------------------------
HEURÍSTICA DE CONSTRUCCIÓN: NearestNeighborWithRLC
COSTO TOTAL: 9070.42
TOTAL DE RUTAS: 19
TIEMPO DE EJECUCIÓN: 361
 
R1[200, 197, 199, 187, 177, 198, 196, 195, 192, 2, 1, 188]
R2[176, 190, 158, 193, 106, 167, 165, 121, 191, 125, 4, 180]
R3[186, 127, 185, 181, 5, 184, 161, 132, 183, 159, 157]
R4[151, 3, 194, 182, 178, 189, 179, 173, 172, 7, 117, 166, 175]
R5[174, 171, 170, 169, 163, 168, 6, 164, 162]
R6[160, 154, 156, 8, 10, 9, 155, 139, 122]
R7[129, 116, 147, 148, 141, 124, 136, 11, 113, 109, 152, 153]
R8[40, 26, 149, 146, 144, 150, 145, 134, 133, 130, 138]
R9[143, 128, 118, 137, 142, 135, 131, 120, 102, 123, 112]
R10[110, 103, 115, 107, 126, 119, 12, 100, 96]
R11[97, 74, 68, 105, 89, 15, 140, 114, 111, 101, 108, 95]
R12[14, 92, 16, 99, 81, 104, 18, 98, 93, 17, 91, 73, 94, 86, 80, 77]
R13[85, 79, 87, 19, 76, 13, 84, 88, 90, 83, 78]
R14[71, 20, 21, 64, 75, 59, 23, 24, 27]
R15[62, 67, 25, 70, 82, 72, 66, 65, 69]
R16[61, 48, 28, 50, 52, 45, 41, 31, 30, 63, 58]
R17[56, 60, 55, 54, 49, 29, 57, 22, 53, 44]
R18[33, 46, 34, 36, 35, 43, 47, 51, 37, 39]
R19[38, 42, 32]
------------------------------------------
