 
------------------------------------------
HEURÍSTICA DE CONSTRUCCIÓN: CMT
COSTO TOTAL: 3651.19
TOTAL DE RUTAS: 24
TIEMPO DE EJECUCIÓN: 445
 
R1[72, 82, 180, 84, 191, 4, 125, 60, 128, 46, 193]
R2[81, 183, 137, 184, 199, 138, 37, 135, 55, 93, 56, 114]
R3[149, 76, 133, 48, 62, 131, 68]
R4[6, 11, 122, 139, 73, 129, 116]
R5[171, 65, 86, 115, 94, 51, 174, 136, 189, 32, 124, 141]
R6[119, 166, 126, 71, 35, 1, 144, 9, 99, 53, 101]
R7[50, 112, 168, 79, 29, 87, 42, 156, 123]
R8[28, 74, 130, 96, 97, 196, 192, 19, 120, 30, 146, 102]
R9[173, 44, 178, 27, 154, 45, 109, 64]
R10[127, 186, 8, 88, 3, 98, 177]
R11[24, 61, 100, 179, 162, 20]
R12[43, 13, 113]
R13[90, 2, 175, 67, 17, 39, 78, 155, 107]
R14[24]
R15[118, 57, 165, 33, 188, 36, 176, 143, 83, 121, 108]
R16[18, 54, 132, 185, 49, 181, 7, 117, 161, 104, 157, 58]
R17[31, 80, 85, 41, 25, 172, 77, 110]
R18[170, 52, 182, 75, 163, 145, 194, 195, 134, 92, 21]
R19[164, 150, 22, 140, 187, 111, 142, 16, 151, 38, 63, 159]
R20[14, 59, 198, 15]
R21[5, 10, 106, 95, 34, 167, 190, 158]
R22[103, 148, 69, 200, 197, 47, 160, 147]
R23[40, 91, 66, 12, 70, 23, 169, 89, 105, 153]
R24[152, 26]
------------------------------------------
