 
------------------------------------------
HEURÍSTICA DE CONSTRUCCIÓN: SaveSequential
COSTO TOTAL: 2867.34
TOTAL DE RUTAS: 18
TIEMPO DE EJECUCIÓN: 367
 
R1[169, 145, 194, 163, 75, 182, 23, 92, 52, 195]
R2[153, 170, 134, 50, 156, 112, 168, 79, 29, 87, 42, 123]
R3[106, 128, 46, 193, 191, 84, 180, 82, 4, 72, 125, 60]
R4[34, 167, 5, 10, 95, 158, 190, 121, 36, 176, 165]
R5[157, 177, 98, 3, 88, 8, 186, 127, 54, 18]
R6[197, 124, 174, 51, 94, 115, 86, 65, 171, 136]
R7[147, 47, 160, 32, 189, 141, 69, 200, 103, 148]
R8[73, 116, 12, 70, 91, 164, 66, 129, 11, 6]
R9[26, 40, 152, 198, 105, 89, 21, 15, 59, 14, 96, 130]
R10[151, 16, 140, 187, 58, 49, 181, 117, 161, 104, 185, 132, 7]
R11[162, 110, 77, 172, 25, 31, 80, 85, 41, 20]
R12[44, 102, 146, 19, 192, 196, 97, 28, 74, 120, 30]
R13[131, 68, 149, 133, 48, 178, 27, 173, 154, 24, 61, 100, 64]
R14[71, 126, 35, 166, 119, 57, 83, 143, 33, 188, 108, 118]
R15[159, 38, 150, 22, 142, 111, 63, 184, 135, 55]
R16[39, 17, 90, 2, 43, 13, 175, 67, 78, 155, 113, 122, 139, 45]
R17[99, 1, 144, 9, 53, 183, 93, 137, 138, 81, 37, 199, 56, 114]
R18[107, 101, 62, 76, 179, 109]
------------------------------------------
