 
------------------------------------------
HEURÍSTICA DE CONSTRUCCIÓN: RandomMethod
COSTO TOTAL: 15288.29
TOTAL DE RUTAS: 19
TIEMPO DE EJECUCIÓN: 41
 
R1[146, 175, 91, 49, 132, 117, 144, 130, 40, 76]
R2[2, 44, 48, 106, 101, 93, 57, 185, 55, 170, 193, 98]
R3[94, 22, 80, 162, 30, 6, 81, 128, 15, 197, 147, 87]
R4[190, 112, 78, 183, 99, 153, 61, 53, 63, 136, 169, 56]
R5[58, 20, 122, 191, 83, 13, 88, 182, 159, 9, 104, 82]
R6[180, 168, 181, 102, 26, 178, 192, 154, 150, 66, 107]
R7[46, 189, 116, 85, 95, 39, 72, 119, 126, 31, 18]
R8[196, 69, 17, 123, 120, 64, 152, 121, 71, 163, 1, 42]
R9[125, 65, 198, 114, 11, 111, 34, 156, 70, 8]
R10[97, 172, 149, 139, 129, 138, 134, 143, 92, 29]
R11[179, 160, 200, 137, 41, 103, 145, 188, 113, 155, 165]
R12[7, 135, 62, 28, 3, 16, 45, 86, 12, 33, 194]
R13[50, 77, 25, 67, 140, 36, 19, 35, 23, 52]
R14[141, 5, 115, 84, 96, 21, 32, 90, 187, 199, 148, 51, 186]
R15[43, 173, 124, 74, 142, 14, 110, 171, 166, 79, 158]
R16[73, 60, 38, 105, 157, 151, 27, 68, 177, 54, 4, 118]
R17[10, 161, 127, 174, 75, 195, 37, 59, 167, 108]
R18[176, 47, 133, 24, 184, 100, 89, 131, 164]
R19[109]
------------------------------------------
