 
------------------------------------------
HEURÍSTICA DE CONSTRUCCIÓN: Sweep
COSTO TOTAL: 7725.16
TOTAL DE RUTAS: 19
TIEMPO DE EJECUCIÓN: 79
 
R1[143, 9, 83, 71, 119, 126, 183, 166, 137, 138, 81, 38, 199]
R2[35, 150, 22, 114, 159, 37, 56, 93, 184, 151, 16, 135, 111]
R3[63, 142, 55, 140, 125, 187, 58, 191, 4, 72, 177]
R4[157, 161, 49, 98, 3, 82, 104, 18, 117, 88, 181]
R5[8, 185, 84, 54, 60, 186, 127, 7, 180]
R6[132, 86, 115, 94, 65, 51, 171, 32, 174, 189]
R7[136, 124, 197, 141, 103, 148, 69, 200, 160, 147]
R8[47, 66, 164, 91, 70, 12, 116, 129, 11]
R9[122, 6, 73, 139, 162, 110, 172, 25, 77, 31, 80]
R10[85, 41, 20, 24, 61, 100, 154, 64, 179, 43, 13]
R11[167, 27, 173, 109, 45, 113, 29, 178, 87, 2, 79, 175]
R12[168, 34, 155, 42, 112, 123, 50, 156, 90, 78, 67, 48]
R13[107, 134, 95, 170, 39, 133, 153, 128, 106, 40, 26, 152]
R14[158, 17, 5, 149, 169, 198, 14, 145, 89, 105, 10, 59]
R15[195, 130, 194, 52, 96, 74, 15, 163, 92, 75, 28]
R16[97, 23, 182, 190, 30, 76, 120, 196, 46]
R17[21, 68, 193, 192, 19, 62, 131, 146, 102, 44]
R18[108, 121, 188, 165, 118, 33, 101, 36, 57, 99, 1]
R19[176, 144, 53]
------------------------------------------
