 
------------------------------------------
HEURÍSTICA DE CONSTRUCCIÓN: CMT
COSTO TOTAL: 3634.19
TOTAL DE RUTAS: 21
TIEMPO DE EJECUCIÓN: 580
 
R1[161, 18, 58, 181, 185, 132, 7, 54, 104, 117, 49, 37]
R2[99, 53, 101, 1, 144, 166, 119, 9, 71, 126, 35, 93, 183]
R3[24, 100, 64, 61, 179, 173, 154, 27, 45, 109, 178]
R4[77, 172, 25, 31, 80, 85, 41, 110, 20, 162]
R5[149, 120, 19, 28, 74, 30]
R6[42, 168, 156, 170, 163, 182, 195, 194, 145, 134, 123, 92]
R7[42, 87, 29, 79, 112, 50, 52, 75, 23, 21]
R8[139, 6, 129, 66, 160, 47, 164, 147, 11]
R9[152, 89, 169, 153, 40, 105, 26]
R10[118, 57, 83, 33, 121, 188, 108, 165, 143, 176, 36]
R11[133, 48]
R12[159, 22, 38, 150, 16, 142, 138, 199, 63, 111, 151, 114, 56]
R13[67, 17, 78, 39, 175, 90, 2, 43, 155]
R14[82, 180, 84, 4, 60, 72, 191, 125]
R15[177, 88, 3, 8, 127, 186, 98, 157, 187, 140, 81]
R16[113, 12, 116, 73, 86, 70, 91, 107, 13, 122, 115, 32]
R17[193, 46, 128, 106, 10, 5, 167, 95, 34, 158, 190]
R18[62, 131, 137, 55, 135, 184, 76, 44, 68]
R19[14, 94, 65, 171, 51, 174, 136, 189, 124, 141, 197, 196]
R20[130, 96, 97, 198, 59, 15, 192, 146, 102]
R21[148, 69, 200, 103]
------------------------------------------
