 
------------------------------------------
HEURÍSTICA DE CONSTRUCCIÓN: NearestNeighborWithRLC
COSTO TOTAL: 9248.42
TOTAL DE RUTAS: 19
TIEMPO DE EJECUCIÓN: 306
 
R1[200, 198, 199, 1, 184, 2, 190, 197, 195, 196, 194]
R2[192, 187, 188, 176, 143, 121, 167, 95, 165, 193, 106, 10]
R3[158, 34, 5, 180, 84, 82, 183, 4, 191, 6, 189, 182]
R4[3, 7, 186, 8, 185, 181, 11, 139]
R5[164, 172, 12, 179, 178, 175, 173, 169, 170, 156, 168, 153, 163]
R6[162, 160, 174, 154, 155, 144, 9, 166, 161, 177]
R7[159, 157, 152, 150, 146, 149, 145, 134, 112, 123, 105, 151]
R8[140, 142, 135, 13, 148, 14, 89, 138, 132, 127, 117, 137]
R9[131, 130, 120, 15, 16, 114, 18, 133, 113, 129, 171, 17, 147]
R10[19, 110, 141, 21, 109, 136, 20, 24, 100, 85]
R11[126, 128, 125, 119, 118, 122, 107, 124, 103, 116, 91, 77]
R12[115, 94, 86, 111, 63, 108, 102, 97]
R13[23, 96, 87, 80, 41, 31, 70, 101, 99, 22, 104, 93]
R14[88, 98, 92, 75, 76, 74, 68, 62, 45, 78, 90, 83]
R15[73, 67, 81, 59, 79, 52, 50, 42, 40, 26]
R16[28, 61, 66, 69, 65, 51, 64, 25, 27, 71, 60]
R17[58, 56, 57, 72, 54, 29, 53, 30, 49, 44]
R18[55, 48, 32, 47, 33, 46, 36, 37, 38]
R19[35, 43, 39]
------------------------------------------
