 
------------------------------------------
HEURÍSTICA DE CONSTRUCCIÓN: SaveSequential
COSTO TOTAL: 2974.65
TOTAL DE RUTAS: 18
TIEMPO DE EJECUCIÓN: 372
 
R1[60, 72, 4, 82, 180, 84, 191, 125, 128, 46, 193, 106]
R2[15, 23, 182, 163, 75, 194, 145, 195, 52, 92]
R3[155, 175, 2, 95, 10, 5, 167, 34, 158, 190, 121, 176]
R4[153, 170, 134, 50, 156, 112, 168, 79, 29, 87, 42, 123]
R5[111, 187, 177, 3, 88, 8, 186, 127, 98, 157]
R6[141, 124, 189, 136, 174, 171, 51, 94, 115, 86, 65, 32]
R7[147, 47, 160, 148, 103, 197, 69, 200]
R8[108, 188, 36, 143, 33, 165, 83, 118, 57, 119, 166, 126]
R9[6, 12, 91, 164, 66, 129, 11, 122, 13, 43, 90, 67]
R10[162, 110, 172, 25, 31, 80, 85, 41, 77, 20]
R11[26, 152, 40, 169, 21, 89, 105, 198, 59, 14, 96, 130]
R12[16, 58, 49, 181, 117, 161, 104, 54, 18, 185, 132, 7]
R13[101, 144, 53, 99, 1, 9, 71, 35, 93, 55, 135]
R14[44, 102, 146, 19, 192, 196, 97, 28, 74, 120, 30]
R15[150, 22, 62, 131, 68, 149, 133, 48, 173, 154, 24, 61, 100, 64]
R16[76, 38, 140, 142, 151, 159, 114, 63, 56, 184, 199, 37]
R17[27, 179, 70, 116, 73, 139, 113, 78, 39, 17]
R18[107, 183, 137, 81, 138, 178, 45, 109]
------------------------------------------
