 
------------------------------------------
HEURÍSTICA DE CONSTRUCCIÓN: SaveSequential
COSTO TOTAL: 2932.26
TOTAL DE RUTAS: 18
TIEMPO DE EJECUCIÓN: 349
 
R1[58, 127, 186, 8, 88, 3, 98, 177, 157, 54]
R2[165, 72, 180, 84, 191, 125, 82, 4, 60, 176, 143, 83]
R3[52, 195, 145, 194, 163, 182, 75, 23, 92, 21]
R4[56, 114, 63, 111, 16, 140, 187, 142, 151, 159, 150, 22, 38]
R5[40, 169, 170, 134, 156, 112, 168, 79, 29, 87, 50, 123]
R6[141, 124, 189, 136, 174, 171, 51, 65, 94, 115, 86, 32]
R7[9, 35, 7, 132, 185, 18, 104, 161, 117, 181, 49, 37]
R8[113, 13, 43, 167, 128, 46, 193, 106, 10, 5, 95, 34, 158]
R9[199, 135, 55, 93, 53, 71, 126, 166, 119, 144, 1, 99]
R10[175, 2, 190, 121, 36, 33, 188, 108, 118, 57, 101]
R11[30, 120, 196, 15, 89, 105, 42, 153, 152, 198, 59, 14]
R12[45, 154, 80, 85, 31, 25, 172, 77, 41, 110, 69, 200]
R13[96, 97, 192, 19, 146, 44, 138, 184, 81, 137, 183]
R14[148, 197, 103, 160, 147, 66, 47, 91]
R15[139, 11, 129, 164, 70, 12, 116, 6, 122, 73, 24]
R16[107, 155, 78, 67, 90, 17, 39, 162, 20, 61, 64]
R17[179, 100, 173, 27, 178, 48, 26, 130, 28, 74, 133, 149, 68]
R18[109, 76, 102, 131, 62]
------------------------------------------
