 
------------------------------------------
HEURÍSTICA DE CONSTRUCCIÓN: SaveSequential
COSTO TOTAL: 2861.28
TOTAL DE RUTAS: 18
TIEMPO DE EJECUCIÓN: 376
 
R1[157, 177, 98, 3, 88, 8, 186, 127, 54, 18]
R2[60, 4, 82, 72, 180, 84, 191, 125, 128, 46, 193, 106]
R3[147, 160, 86, 115, 94, 65, 51, 171, 174]
R4[21, 92, 23, 182, 163, 75, 194, 145, 195, 52]
R5[114, 159, 38, 150, 22, 140, 187, 142, 16, 151, 111, 63, 56]
R6[113, 13, 43, 167, 5, 10, 95, 34, 158, 190, 121, 176]
R7[97, 15, 89, 169, 170, 134, 156, 112, 168, 79, 29]
R8[149, 198, 105, 50, 42, 87, 123, 153, 40, 152, 26]
R9[68, 30, 120, 74, 28, 19, 192, 196, 130, 96, 59, 14, 48, 133, 80]
R10[164, 66, 47, 32, 189, 136, 124, 141, 69, 200, 197]
R11[199, 184, 58, 161, 104, 185, 132, 7, 181, 117, 49, 135]
R12[41, 85, 31, 25, 172, 77, 110, 148, 103, 91]
R13[126, 166, 119, 57, 83, 143, 36, 33, 165, 188, 108, 118]
R14[27, 154, 20, 162, 70, 12, 116, 129, 11]
R15[109, 45, 179, 178, 173, 64, 100, 61, 24, 73, 6, 122, 139]
R16[107, 78, 155, 175, 2, 90, 67, 17, 39, 144, 35, 71]
R17[183, 55, 37, 81, 138, 137, 93, 53, 9, 1, 99, 101]
R18[62, 131, 44, 146, 102, 76]
------------------------------------------
