 
------------------------------------------
HEURÍSTICA DE CONSTRUCCIÓN: RandomMethod
COSTO TOTAL: 42657.47
TOTAL DE RUTAS: 37
TIEMPO DE EJECUCIÓN: 41
 
R1[271, 34, 71, 355, 344, 212, 380, 367, 76, 390, 266, 159]
R2[41, 52, 214, 19, 73, 240, 353, 226, 37, 21]
R3[191, 153, 62, 126, 269, 173, 175, 168, 124, 203, 376, 27]
R4[257, 119, 23, 388, 61, 274, 350, 243, 93, 359, 190, 163]
R5[60, 246, 134, 188, 147, 361, 103, 210, 387]
R6[356, 332, 291, 294, 146, 305, 141, 219, 187, 121]
R7[22, 194, 29, 85, 144, 324, 245, 169, 293, 114, 239, 211, 70]
R8[145, 125, 4, 290, 260, 394, 78, 382, 267]
R9[140, 5, 287, 393, 307, 385, 45, 335, 326]
R10[198, 201, 115, 18, 142, 137, 341, 352]
R11[391, 399, 282, 183, 17, 232, 12, 277, 236, 100]
R12[379, 101, 373, 44, 370, 94, 182, 286]
R13[197, 339, 43, 224, 252, 64, 237, 247, 244, 172, 230, 280, 106]
R14[130, 1, 16, 206, 108, 20, 279, 87, 398, 50]
R15[77, 122, 372, 174, 321, 238, 298, 138, 351, 99, 170]
R16[110, 28, 74, 304, 349, 334, 322, 371, 83, 55, 69]
R17[202, 338, 90, 192, 186, 164, 292, 111, 75, 242, 199]
R18[177, 6, 107, 313, 229, 389, 368, 323, 347, 374]
R19[386, 263, 193, 63, 68, 155, 285, 250, 363, 253, 330, 72]
R20[139, 295, 272, 316, 264, 315, 300, 281, 49, 218, 205, 312, 96, 51, 234]
R21[396, 215, 105, 329, 89, 255, 384, 181, 301, 284, 136, 117, 358, 123]
R22[283, 331, 151, 40, 319, 56, 343, 259, 328, 207]
R23[184, 30, 366, 310, 297, 248, 317, 42, 129, 195, 345]
R24[325, 360, 7, 58, 378, 65, 9, 251, 208, 200, 233]
R25[303, 249, 80, 185, 311, 216, 333, 160, 308, 275, 346, 31]
R26[39, 133, 11, 81, 289, 97, 88, 337, 365, 150]
R27[95, 120, 36, 278, 357, 84, 15, 395, 288, 127, 143]
R28[369, 2, 220, 162, 154, 383, 362, 152, 26, 165, 400]
R29[14, 261, 86, 66, 92, 265, 227, 35, 24, 47, 314, 180, 340]
R30[228, 57, 217, 221, 59, 171, 196, 222, 48, 225, 258]
R31[235, 342, 158, 397, 377, 112, 213, 131, 381, 354, 3]
R32[32, 116, 13, 148, 204, 309, 91, 375, 79]
R33[270, 98, 118, 179, 348, 299, 156, 306, 10, 167]
R34[320, 82, 254, 38, 135, 46, 53, 102, 262]
R35[161, 25, 318, 104, 176, 132, 189, 392, 223, 8]
R36[157, 273, 241, 336, 149, 67, 296, 364, 302, 276, 54, 178]
R37[209, 268, 33, 231, 166, 113, 327, 128, 109, 256]
------------------------------------------
