 
------------------------------------------
HEURÍSTICA DE CONSTRUCCIÓN: CMT
COSTO TOTAL: 9495.97
TOTAL DE RUTAS: 44
TIEMPO DE EJECUCIÓN: 3424
 
R1[29, 33, 255]
R2[334, 216, 358, 195, 285, 18, 238, 207, 72]
R3[310, 146, 308, 92, 266, 165, 268, 79]
R4[364, 340]
R5[284, 315, 221, 23, 351, 58, 356, 134, 107, 80]
R6[261, 213, 161, 50, 121, 383, 131, 63, 120, 294]
R7[28, 249, 169, 212, 157, 237]
R8[329, 163, 343, 269, 106, 64, 208, 100, 145]
R9[39, 67, 65, 62, 32, 396, 307]
R10[339, 357, 94, 54, 180, 179, 84, 386, 81, 246, 197]
R11[333, 374, 111, 194, 363, 251, 316, 276, 142, 38, 371, 264, 133]
R12[400, 323, 125, 225, 188, 231, 78, 278, 387, 8]
R13[66]
R14[73, 380, 265, 302, 298, 328, 353, 96, 201]
R15[256, 205, 324, 338, 156, 210, 382, 19, 55, 270, 193]
R16[132, 291, 22, 314, 16, 52, 136, 399, 317, 279]
R17[141, 56, 170, 252, 370, 274, 275, 240, 4, 190, 138]
R18[127]
R19[3, 217, 88, 209, 185, 10, 152, 286, 336]
R20[331, 20, 37, 368, 325, 126, 115]
R21[160, 176, 281, 263, 129, 114, 44, 348, 235, 388, 137, 384]
R22[297, 318, 45, 346, 342, 309, 202]
R23[73, 85, 95, 177, 30, 70, 25, 87]
R24[166, 89, 147, 46, 153, 215, 143, 330, 337, 258, 5]
R25[366, 150, 354, 206, 83, 184, 175, 99]
R26[398, 277]
R27[57, 48, 244, 390, 271, 250, 174, 189, 345, 98, 234]
R28[243, 171, 239, 192, 248, 362, 108, 128, 31, 287, 27]
R29[60, 293, 359, 254, 24, 82, 296, 53, 313, 199, 303, 93]
R30[127, 245, 389, 1, 116, 242, 259]
R31[332, 230, 43, 262, 379, 260, 319, 34, 224, 41, 312]
R32[360, 47, 9, 305, 299, 198, 12, 140, 219]
R33[375, 97, 149, 7, 101, 311, 257, 76, 15, 241, 13, 300]
R34[110, 369, 35, 61, 218, 11, 236, 182, 290, 223]
R35[373, 148, 69, 167, 159, 222, 71, 304, 102, 378, 164]
R36[36, 392, 280, 301, 139, 191, 349, 344, 91, 130, 372]
R37[51, 181, 49, 321, 135, 112, 90, 196, 393, 322]
R38[104, 74, 77, 327, 178, 6, 288, 394, 68, 14, 113, 151]
R39[326, 214, 355, 247, 162, 168, 289, 283, 320, 117, 352, 40, 17, 282, 350]
R40[381, 397, 365, 273, 292, 395, 347, 341, 306, 376, 377, 361]
R41[381, 154, 186, 118, 21, 187, 200, 119, 228, 232, 203, 42, 123]
R42[122, 124, 2, 272, 155, 105, 172, 226, 109, 75, 183, 26]
R43[295, 204, 229, 103, 220, 144, 385, 335, 86, 173, 233]
R44[267, 227, 158, 211, 59, 253, 367, 391]
------------------------------------------
