 
------------------------------------------
HEURÍSTICA DE CONSTRUCCIÓN: RandomMethod
COSTO TOTAL: 41197.21
TOTAL DE RUTAS: 37
TIEMPO DE EJECUCIÓN: 77
 
R1[395, 158, 98, 352, 198, 102, 10, 177, 275, 146]
R2[137, 92, 45, 80, 117, 179, 350, 147, 337, 150, 160, 169]
R3[129, 295, 162, 140, 226, 56, 124, 303, 280, 386, 55, 287]
R4[173, 390, 317, 33, 224, 81, 27, 97, 15, 264, 149, 237]
R5[209, 210, 311, 288, 142, 300, 35, 136, 340, 229, 272, 355]
R6[16, 125, 61, 211, 123, 105, 40, 203, 368, 230]
R7[296, 227, 372, 343, 305, 377, 42, 320, 126, 381, 91]
R8[304, 180, 152, 159, 371, 23, 353, 154, 153, 326, 37, 339]
R9[325, 182, 356, 109, 44, 208, 360, 192, 346, 43, 2, 86]
R10[266, 167, 341, 398, 253, 57, 316, 342, 8, 145, 299]
R11[20, 267, 319, 323, 273, 84, 4, 387, 309, 385, 313, 268]
R12[294, 139, 236, 93, 298, 72, 400, 191, 122, 249, 239, 132]
R13[155, 168, 38, 187, 322, 49, 116, 114, 186, 59]
R14[216, 225, 262, 231, 331, 134, 334, 121]
R15[115, 12, 370, 119, 166, 172, 127, 62]
R16[357, 195, 348, 104, 238, 181, 128, 189, 324]
R17[64, 143, 39, 176, 376, 165, 65, 345, 30, 113, 244, 1]
R18[73, 367, 178, 255, 103, 79, 312, 47, 21, 361, 271]
R19[380, 193, 120, 157, 347, 270, 24, 32, 111, 279, 321]
R20[135, 243, 363, 327, 359, 242, 148, 50, 201, 257]
R21[219, 48, 82, 36, 364, 3, 301, 183, 197, 233, 205, 293, 241]
R22[391, 118, 130, 164, 329, 277, 19, 291, 190, 68]
R23[282, 263, 328, 259, 138, 314, 96, 246, 25, 26, 213, 240]
R24[106, 252, 13, 369, 234, 77, 214, 332, 362, 78]
R25[99, 28, 292, 196, 144, 85, 46, 18, 333, 11]
R26[202, 174, 396, 290, 389, 223, 306, 365, 31, 69]
R27[222, 378, 17, 276, 302, 284, 228, 388, 175, 83]
R28[308, 217, 75, 112, 194, 66, 207, 220, 110, 133, 188, 261]
R29[374, 351, 335, 283, 344, 184, 307, 274, 366, 251, 392]
R30[94, 108, 212, 269, 260, 258, 250, 89, 6, 349, 256]
R31[5, 151, 87, 254, 204, 185, 170, 336, 221, 375]
R32[232, 379, 171, 354, 101, 285, 141, 52, 54, 131, 383, 41, 245]
R33[200, 384, 161, 70, 310, 393, 71, 358, 63, 286, 338, 382]
R34[297, 330, 74, 199, 34, 373, 281, 235, 215, 95]
R35[67, 53, 14, 163, 60, 206, 58, 7, 315, 289, 247]
R36[248, 51, 100, 90, 218, 107, 76, 156, 397, 278, 88, 318]
R37[9, 22, 29, 399, 394, 265]
------------------------------------------
