 
------------------------------------------
HEURÍSTICA DE CONSTRUCCIÓN: SaveParallel
COSTO TOTAL: 6871.46
TOTAL DE RUTAS: 38
TIEMPO DE EJECUCIÓN: 377605
 
R1[258, 166, 89, 147, 46, 153, 215, 143, 330, 337, 160, 5]
R2[352, 282, 26, 350, 40, 117, 247, 320, 283, 289, 168, 162, 355, 214, 326]
R3[111, 374, 264, 396, 307, 32, 65, 67, 39, 62, 333]
R4[131, 261, 383, 50, 161, 173, 233, 121, 213, 63]
R5[113, 288, 14, 68, 394, 74, 178, 6, 77, 357, 327]
R6[223, 236, 35, 110, 369, 61, 11, 218, 182, 290, 138]
R7[193, 324, 156, 133, 210, 382, 338, 256, 205, 19, 55, 120]
R8[49, 51, 181, 389, 1, 127, 116, 245, 242, 259]
R9[228, 123, 183, 75, 109, 172, 226, 292, 17, 104, 158, 227, 395]
R10[302, 30, 95, 177, 328, 380, 85, 265, 73]
R11[335, 385, 303, 144, 24, 93, 229, 204, 295, 103, 220, 122]
R12[279, 291, 16, 52, 136, 317, 314, 22, 399, 132]
R13[80, 315, 221, 294, 151, 270, 322, 284, 58, 351, 356]
R14[186, 154, 381, 202, 342, 309, 118, 21, 346, 45]
R15[225, 125, 231, 188, 78, 278, 323, 387, 400, 262]
R16[142, 276, 316, 194, 363, 251, 38, 371, 23, 134, 107]
R17[47, 31, 171, 243, 239, 192, 248, 108, 362, 128, 287, 27]
R18[84, 197, 81, 246, 312, 379, 386, 179, 180, 54, 94, 268]
R19[378, 164, 69, 222, 159, 304, 71, 211, 59, 102, 253]
R20[266, 165, 308, 146, 79]
R21[191, 86, 199, 82, 359, 254, 293, 60, 53, 296, 313, 36]
R22[249, 305, 360, 299, 9, 12, 198, 219, 237, 157]
R23[255, 29, 28, 212, 169, 135, 140, 112, 90, 393, 196, 321]
R24[33, 189, 174, 250, 98, 345, 48, 57, 244, 271, 390, 234]
R25[334, 216, 358, 195, 285, 18, 238, 297, 329]
R26[100, 397, 72, 207, 341, 187, 273, 365, 203, 200, 119, 232, 42]
R27[184, 353, 96, 25, 70, 87, 298, 201, 99]
R28[208, 64, 145, 318, 106, 269, 343]
R29[277, 141, 252, 370, 274, 170, 4, 190, 275, 56, 240]
R30[41, 332, 224, 92, 310, 339, 8, 34, 230, 43, 260, 319, 163]
R31[3, 372, 130, 91, 344, 349, 301, 280, 392, 139]
R32[175, 206, 354, 83, 150, 366]
R33[241, 311, 76, 13, 300, 15, 257, 101, 7, 149, 375, 97]
R34[391, 367, 148, 167, 373, 340, 364, 267, 115]
R35[126, 66, 398, 331, 325, 368, 37, 20]
R36[384, 137, 176, 263, 129, 281, 235, 388, 348, 44, 114, 88]
R37[217, 209, 185, 10, 152, 286]
R38[105, 155, 361, 272, 306, 377, 124, 2, 347, 376, 336]
------------------------------------------
