 
------------------------------------------
HEURÍSTICA DE CONSTRUCCIÓN: CMT
COSTO TOTAL: 9929.77
TOTAL DE RUTAS: 47
TIEMPO DE EJECUCIÓN: 3303
 
R1[269, 343, 163, 64, 208]
R2[110, 35, 369, 61, 236, 218, 11, 182, 223]
R3[360, 47, 9, 299, 237, 169, 212, 219]
R4[120, 63, 294, 80, 315, 221, 213, 261, 383, 121]
R5[306, 347, 272, 2, 377, 124, 384, 137, 44, 348, 114]
R6[202, 342, 45, 186, 381, 309, 346, 118, 21, 154]
R7[320, 283, 289, 117, 168]
R8[166, 147, 89, 46, 215, 153, 143, 330, 337, 160, 258, 5]
R9[19, 55, 151, 270, 193, 322, 134, 23, 356, 107]
R10[39, 67, 245, 242, 259, 116, 127, 1, 181, 389]
R11[297, 329]
R12[140, 291, 132, 22, 399, 317, 314, 16, 52, 136]
R13[133]
R14[125, 231, 188, 78, 278, 225, 323, 387, 379, 312]
R15[75, 183, 123, 228, 109, 172, 226, 292, 282, 26, 350, 40, 352]
R16[319, 43, 260, 34, 8, 400, 262, 339, 224, 230, 310, 266, 92]
R17[273, 365, 203, 200, 187, 119, 232, 42, 72, 341, 397, 207]
R18[133]
R19[62, 65, 32, 396, 307, 264, 374, 111, 194, 363, 251, 316, 333]
R20[185, 209, 10, 301, 392, 280, 36, 191, 139, 152, 372]
R21[156, 210, 382, 338, 256, 324, 205, 38, 371, 276]
R22[74, 6, 394, 68, 14, 288, 327, 77, 178, 357, 386, 246]
R23[227, 104, 158]
R24[367, 146, 79, 164, 378, 167, 148, 373, 268]
R25[395, 376, 105, 155, 361, 176, 263, 281, 129, 388]
R26[170, 275, 138, 4, 190, 240, 56, 274, 141]
R27[293, 359, 254, 60, 53, 313, 82, 296, 24, 93, 303, 199]
R28[162, 247, 355, 214, 326, 17, 235]
R29[353, 49, 51, 298, 70, 25, 87, 96, 201]
R30[115, 126, 325, 277, 66, 398, 331, 20, 368, 37, 311, 241]
R31[198, 279, 135, 31, 362, 248, 243, 171, 239, 108]
R32[106, 318, 145, 100, 41, 332]
R33[267, 391, 364, 340]
R34[59, 211, 71, 113, 253, 304, 159, 102, 222, 69, 54]
R35[216, 358, 195, 285, 334, 18, 238, 81, 197]
R36[305, 12, 157, 112, 321, 196, 90, 393, 28, 249, 29, 255]
R37[252, 370, 290, 234, 98, 250, 345, 48, 57, 271, 244, 192]
R38[88, 177, 189, 174, 390, 128, 380, 328, 265]
R39[103, 295, 204, 229, 220, 122, 144]
R40[302, 85, 95, 30, 73, 287, 27]
R41[131, 50, 233, 173, 161, 142]
R42[335, 385, 86]
R43[91, 344, 351, 284, 58, 130, 349]
R44[217, 165, 84, 179, 180, 94, 308, 33, 7, 97]
R45[175, 184, 3]
R46[83, 300, 15, 375, 149, 101, 257, 76, 13, 99, 336, 354]
R47[150, 286, 206, 366]
------------------------------------------
