 
------------------------------------------
HEURÍSTICA DE CONSTRUCCIÓN: NearestNeighborWithRLC
COSTO TOTAL: 28289.05
TOTAL DE RUTAS: 37
TIEMPO DE EJECUCIÓN: 1560
 
R1[366, 354, 399, 396, 374, 398, 400, 394, 391, 387, 397]
R2[392, 372, 388, 384, 395, 393, 390, 380, 382, 385, 376, 347, 2, 381]
R3[386, 379, 378, 383, 371, 389, 363, 377, 375]
R4[373, 369, 290, 274, 370, 368, 336, 286, 365]
R5[361, 1, 362, 367, 364, 340, 275, 170, 138, 3, 360, 359]
R6[358, 5, 355, 357, 327, 178, 6, 332, 343, 349]
R7[353, 351, 352, 348, 350, 346, 344, 335, 356, 338, 341]
R8[334, 342, 339, 331, 325, 329, 319, 323, 326, 337]
R9[324, 328, 4, 305, 321, 299, 345, 314, 302]
R10[7, 9, 333, 330, 8, 318, 297, 320, 309, 322, 317, 10]
R11[311, 241, 76, 257, 300, 277, 310, 308, 11, 12]
R12[291, 298, 13, 15, 316, 315, 313, 312, 288, 304, 301]
R13[303, 307, 16, 14, 306, 296, 17, 295, 294, 284]
R14[270, 193, 19, 281, 18, 293, 292, 283, 20, 22, 279]
R15[276, 287, 271, 280, 221, 151, 264, 272, 285, 282, 21]
R16[23, 259, 265, 261, 256, 254, 213, 263, 258]
R17[289, 247, 278, 273, 232, 228, 269, 24, 268, 266, 262, 260]
R18[267, 253, 250, 252, 244, 234, 240, 25, 245, 251, 242, 249, 237, 255, 219, 212]
R19[248, 27, 243, 239, 198, 246, 236, 223, 238]
R20[235, 233, 229, 227, 230, 26, 226, 225, 224, 28, 196, 29]
R21[206, 220, 231, 30, 201, 32, 31, 218, 33, 192]
R22[190, 34, 217, 36, 209, 208, 222, 216, 214, 215, 207]
R23[205, 210, 204, 199, 211, 203, 202, 200, 195, 191]
R24[197, 189, 194, 185, 188, 35, 38, 186, 187, 184, 175]
R25[183, 172, 37, 169, 39, 176, 40, 168, 163, 41, 42, 162]
R26[166, 160, 173, 161, 177, 44, 155, 154, 118]
R27[165, 182, 43, 179, 180, 167, 174, 181, 157, 45, 164, 47, 48, 171]
R28[149, 152, 148, 159, 49, 156, 50, 144, 158, 153, 147, 51]
R29[52, 146, 94, 145, 139, 46, 53, 54, 150]
R30[56, 57, 141, 142, 134, 130, 131, 121, 55, 143, 137]
R31[140, 58, 136, 133, 127, 135, 126, 115, 132, 128]
R32[116, 120, 59, 125, 60, 122, 124, 119, 117, 129, 114, 111]
R33[107, 91, 106, 123, 105, 104, 113, 112, 110, 108, 102]
R34[92, 109, 103, 101, 97, 100, 96, 95, 90, 99]
R35[88, 86, 98, 61, 84, 89, 93, 82, 80, 83, 70, 87, 62]
R36[67, 85, 63, 64, 66, 69, 68, 81, 79]
R37[78, 77, 74, 75, 65, 73, 72, 71]
------------------------------------------
