 
------------------------------------------
HEURÍSTICA DE CONSTRUCCIÓN: NearestNeighborWithRLC
COSTO TOTAL: 27895.04
TOTAL DE RUTAS: 38
TIEMPO DE EJECUCIÓN: 1334
 
R1[400, 398, 399, 393, 380, 1, 396, 389, 395, 3, 392, 397, 381]
R2[388, 384, 2, 391, 4, 390, 394, 386, 379, 378]
R3[387, 377, 383, 382, 5, 374, 385, 376, 366, 375]
R4[372, 371, 363, 368, 370, 6, 7, 9, 367, 8, 10]
R5[373, 364, 357, 11, 12, 360, 369, 345]
R6[362, 328, 13, 15, 356, 359, 354, 353, 361, 347, 14]
R7[358, 365, 355, 350, 346, 352, 326, 351, 349, 348, 343]
R8[344, 16, 342, 17, 341, 339, 332, 340, 331]
R9[325, 335, 322, 294, 337, 338, 324, 256, 336, 329]
R10[334, 330, 320, 323, 18, 285, 327, 319, 318, 321, 333, 316]
R11[307, 317, 315, 313, 309, 202, 186, 312, 310, 308, 20]
R12[305, 19, 314, 302, 298, 276, 303, 306, 311, 301, 300]
R13[297, 304, 299, 22, 293, 296, 284, 295, 281, 21, 292]
R14[289, 283, 282, 278, 288, 290, 23, 270, 280, 24]
R15[286, 279, 291, 287, 25, 265, 264, 277, 274]
R16[271, 250, 252, 267, 268, 275, 27, 273, 272, 266, 260, 262]
R17[26, 269, 263, 28, 157, 257, 255, 241, 249, 29, 237, 259, 251, 261]
R18[254, 235, 247, 258, 253, 248, 244, 239, 243, 245, 181]
R19[127, 30, 201, 196, 219, 198, 242, 116]
R20[233, 32, 229, 232, 238, 246, 224, 230, 231, 240, 236, 33, 212]
R21[206, 31, 223, 234, 222, 225, 197, 35, 218, 211, 217]
R22[221, 213, 228, 34, 216, 36, 220, 38, 227, 37]
R23[209, 226, 215, 39, 214, 203, 208, 191, 210, 40, 200, 195, 188]
R24[180, 179, 165, 190, 41, 43, 207, 183, 187, 172, 168, 176, 199]
R25[44, 166, 160, 204, 194, 193, 185, 184, 205]
R26[177, 189, 42, 163, 175, 192, 182, 174, 171]
R27[178, 173, 169, 45, 167, 47, 170, 159, 164, 155, 46, 158]
R28[161, 50, 162, 49, 151, 154, 51, 142, 156, 152, 153]
R29[147, 144, 150, 145, 148, 149, 146, 48, 140, 141]
R30[135, 132, 53, 52, 139, 54, 143, 137, 136, 55, 133]
R31[131, 121, 134, 138, 56, 110, 130, 128, 112, 57]
R32[115, 106, 59, 125, 126, 120, 129, 124, 122, 114, 118, 58]
R33[107, 60, 123, 119, 117, 109, 111, 96, 95, 108, 101, 102]
R34[105, 113, 100, 99, 91, 88, 104, 103, 98, 61]
R35[97, 92, 94, 84, 93, 89, 63, 87, 90]
R36[83, 80, 86, 82, 62, 67, 76, 66, 64, 85]
R37[73, 81, 78, 68, 79, 69, 77, 71, 74, 70]
R38[65, 72, 75]
------------------------------------------
