 
------------------------------------------
HEURÍSTICA DE CONSTRUCCIÓN: SaveSequential
COSTO TOTAL: 7763.56
TOTAL DE RUTAS: 36
TIEMPO DE EJECUCIÓN: 1967
 
R1[102, 159, 71, 68, 394, 74, 178, 6, 288, 14, 77, 357, 327, 54]
R2[122, 220, 103, 204, 295, 229, 93, 24, 144, 303, 385, 199]
R3[319, 188, 231, 125, 225, 323, 278, 78, 387, 379]
R4[368, 234, 98, 345, 48, 57, 244, 271, 250, 390, 174, 369]
R5[152, 46, 147, 89, 153, 215, 143, 166, 258, 160, 337, 330]
R6[300, 317, 291, 132, 399, 22, 314, 16, 52, 136, 380]
R7[36, 254, 359, 293, 60, 53, 296, 82, 313, 161, 50]
R8[130, 91, 344, 131, 383, 173, 233, 382, 210, 133, 156]
R9[364, 340, 223, 35, 110, 61, 218, 11, 236, 182, 290]
R10[65, 259, 242, 245, 127, 1, 389, 181, 116, 51]
R11[87, 30, 95, 177, 328, 85, 265, 73]
R12[282, 26, 350, 40, 117, 355, 320, 283, 289, 168, 247, 162, 158, 104]
R13[255, 237, 219, 243, 171, 239, 192, 248, 108, 362, 31, 128, 287]
R14[80, 315, 221, 294, 120, 121, 213, 261, 63, 55, 338]
R15[381, 352, 214, 326, 17, 226, 172, 183, 123, 75, 109, 228, 292, 227]
R16[311, 393, 279, 140, 135, 112, 90, 196, 321, 27, 9]
R17[241, 7, 169, 198, 12, 47, 299, 360, 305]
R18[134, 23, 324, 256, 205, 62, 39, 67]
R19[356, 322, 193, 19, 270, 151, 333, 32, 307, 396, 264]
R20[339, 81, 312, 197, 246, 84, 180, 179, 386, 94, 211]
R21[397, 72, 207, 341, 273, 365, 187, 200, 203, 119, 232, 42, 347]
R22[267, 373, 167, 69, 222, 304, 113, 59, 253]
R23[240, 56, 275, 190, 4, 170, 138, 274, 370, 252, 141, 189]
R24[309, 21, 334, 216, 358, 195, 285, 18, 238]
R25[154, 361, 272, 377, 306, 124, 2, 5, 176, 263, 129, 281]
R26[298, 96, 49, 142, 276, 374, 111, 194, 363, 251, 316, 38, 371]
R27[384, 376, 395, 155, 186, 202, 342, 118, 346, 45]
R28[105, 114, 44, 137, 388, 235, 348, 335, 86, 284]
R29[268, 367, 164, 378, 148, 331, 398, 66, 277, 325]
R30[101, 33, 29, 249, 28, 157, 212, 302, 201, 70, 25, 353]
R31[329, 41, 262, 400, 8, 34, 230, 43, 260, 224, 310, 92, 266]
R32[3, 58, 351, 107, 191, 392, 280, 139, 349, 301, 372, 175]
R33[115, 391, 79, 308, 165, 146, 332, 297, 106]
R34[336, 88, 209, 10, 208, 100, 318, 145, 64, 269, 343, 163]
R35[126, 20, 37, 97, 375, 149, 257, 15, 13, 76, 99, 184]
R36[286, 185, 217, 366, 83, 206, 354, 150]
------------------------------------------
