 
------------------------------------------
HEURÍSTICA DE CONSTRUCCIÓN: NearestNeighborWithRLC
COSTO TOTAL: 27889.81
TOTAL DE RUTAS: 38
TIEMPO DE EJECUCIÓN: 1374
 
R1[366, 400, 398, 391, 397, 396, 374, 399, 393, 395, 392, 372]
R2[356, 389, 390, 1, 2, 394, 388, 385, 383, 387]
R3[386, 384, 381, 382, 380, 3, 379, 357, 378, 4, 373]
R4[375, 149, 376, 377, 368, 370, 369, 367, 364, 6]
R5[343, 346, 361, 359, 371, 365, 355, 358, 352, 5, 363, 362]
R6[360, 321, 354, 311, 353, 7, 351, 349, 350, 347, 8]
R7[348, 344, 9, 305, 299, 10, 342, 341]
R8[337, 338, 335, 333, 345, 271, 250, 244, 340, 332, 339]
R9[11, 304, 336, 329, 331, 277, 327, 334, 325, 319]
R10[326, 330, 12, 314, 317, 328, 324, 322, 13, 15, 14]
R11[323, 312, 310, 308, 318, 320, 289, 283, 309, 17, 315, 301, 316]
R12[16, 307, 276, 264, 259, 313, 306, 292, 297]
R13[303, 300, 257, 255, 279, 298, 296, 19, 295, 293, 294]
R14[291, 287, 265, 302, 290, 288, 275, 286, 280, 281, 284]
R15[282, 285, 273, 278, 269, 266, 20, 274, 268, 267]
R16[18, 263, 270, 261, 21, 262, 23, 254, 258]
R17[272, 247, 256, 251, 242, 194, 245, 181, 210, 24, 233]
R18[235, 229, 232, 228, 260, 253, 252, 22, 249, 241, 25, 237, 219]
R19[198, 212, 169, 196, 157, 248, 243, 27, 246, 240, 239]
R20[28, 29, 217, 238, 236, 231, 230, 227, 226, 30]
R21[177, 142, 111, 220, 225, 31, 223, 224, 234, 222]
R22[211, 208, 209, 26, 216, 215, 221, 213, 205, 193]
R23[206, 204, 214, 207, 200, 202, 203, 195, 218]
R24[201, 199, 191, 33, 190, 182, 110, 192, 32, 173]
R25[161, 156, 197, 180, 35, 189, 34, 188, 187, 186]
R26[185, 37, 38, 151, 133, 62, 39, 176, 172, 183, 166, 168]
R27[163, 36, 175, 184, 179, 165, 146, 178, 174, 41]
R28[167, 171, 159, 164, 148, 170, 155, 162, 117, 158, 104, 160, 154, 124]
R29[137, 40, 147, 143, 153, 144, 152, 145, 150, 140, 43, 126, 139]
R30[44, 129, 130, 135, 141, 136, 134, 45, 118]
R31[42, 131, 132, 112, 138, 115, 125, 119, 46, 127]
R32[128, 48, 108, 47, 107, 120, 49, 96, 116, 51, 121]
R33[122, 123, 109, 106, 50, 52, 114, 53, 54, 113, 102, 101]
R34[100, 55, 56, 99, 57, 98, 97, 91, 88, 83, 80, 105]
R35[93, 82, 58, 59, 94, 60, 103, 86, 89, 95, 87]
R36[90, 63, 85, 76, 66, 64, 61, 84, 92]
R37[81, 78, 74, 68, 71, 69, 79, 77, 73]
R38[65, 75, 72, 67, 70]
------------------------------------------
