 
------------------------------------------
HEURÍSTICA DE CONSTRUCCIÓN: NearestNeighborWithRLC
COSTO TOTAL: 27385.16
TOTAL DE RUTAS: 37
TIEMPO DE EJECUCIÓN: 1437
 
R1[400, 397, 398, 391, 399, 393, 380, 1, 392, 2, 388, 384, 396]
R2[389, 385, 395, 381, 394, 387, 4, 378, 390, 386]
R3[357, 3, 5, 377, 376, 372, 383, 374, 371, 382, 375, 379]
R4[323, 312, 310, 339, 266, 373, 370, 6, 367, 368]
R5[360, 321, 299, 369, 345, 362, 366, 356, 7]
R6[364, 340, 332, 365, 8, 9, 305, 354, 353, 10]
R7[361, 359, 363, 349, 351, 358, 350, 352, 348, 355, 346, 347]
R8[343, 342, 337, 338, 336, 335, 333, 328, 344]
R9[322, 341, 331, 325, 329, 319, 326, 320, 330, 324, 317, 314]
R10[316, 315, 318, 311, 241, 313, 307, 302, 303, 334, 327, 309]
R11[306, 304, 297, 286, 301, 300, 13, 308, 288, 14]
R12[285, 295, 296, 293, 294, 298, 291, 12, 279]
R13[219, 290, 287, 248, 271, 275, 277, 11, 15, 284, 281]
R14[292, 289, 283, 282, 273, 232, 272, 227, 247, 280, 16, 276]
R15[270, 17, 263, 18, 238, 278, 269, 262, 267]
R16[253, 268, 20, 274, 265, 177, 19, 264, 261, 21, 246]
R17[258, 235, 254, 259, 257, 22, 256, 233, 251]
R18[194, 245, 181, 242, 142, 111, 156, 213, 221, 210, 24, 23]
R19[255, 249, 260, 240, 250, 25, 243, 239, 244, 234, 252, 237, 236, 223]
R20[231, 26, 228, 229, 220, 226, 230, 225, 224, 217, 216, 214]
R21[209, 208, 222, 218, 27, 212, 28, 157, 206, 201]
R22[198, 29, 30, 140, 196, 169, 150, 205, 215, 32]
R23[199, 204, 33, 193, 202, 31, 192, 190, 211, 207, 34, 200]
R24[203, 197, 188, 186, 191, 195, 36, 184, 37, 189, 38]
R25[185, 183, 187, 182, 110, 180, 35, 178, 179, 165, 146]
R26[92, 176, 175, 39, 171, 174, 170, 41, 43, 172, 42]
R27[168, 162, 166, 158, 160, 153, 40, 45, 44, 173, 167, 163, 159]
R28[152, 164, 161, 47, 149, 151, 144, 155, 154, 147, 145, 143]
R29[148, 138, 141, 139, 134, 131, 137, 133, 127, 116]
R30[67, 46, 136, 48, 132, 135, 128, 126]
R31[130, 129, 49, 96, 121, 122, 124, 123, 125, 120, 118, 50]
R32[114, 119, 117, 115, 52, 112, 108, 53, 107, 109, 54]
R33[113, 102, 106, 104, 105, 100, 101, 97, 99]
R34[91, 103, 86, 93, 82, 63, 80, 58, 95, 87]
R35[90, 85, 98, 94, 89, 51, 73, 55, 57, 76, 88]
R36[83, 70, 84, 81, 78, 79, 77, 68, 71, 75]
R37[64, 59, 56, 61, 69, 74, 60, 72, 66, 65, 62]
------------------------------------------
