 
------------------------------------------
HEURÍSTICA DE CONSTRUCCIÓN: RandomMethod
COSTO TOTAL: 41980.22
TOTAL DE RUTAS: 37
TIEMPO DE EJECUCIÓN: 45
 
R1[396, 194, 246, 101, 148, 308, 142, 41, 316, 281, 182, 26, 180]
R2[303, 131, 364, 398, 259, 127, 258, 151, 311, 150, 211, 197]
R3[13, 23, 292, 228, 53, 213, 353, 240, 123, 333, 81]
R4[331, 120, 329, 285, 30, 283, 232, 340, 386, 339]
R5[155, 46, 289, 238, 59, 217, 362, 374, 361, 116, 395]
R6[135, 224, 36, 65, 78, 54, 1, 56, 300, 108, 263]
R7[164, 195, 176, 385, 298, 25, 161, 39, 381, 200, 278]
R8[226, 31, 393, 234, 192, 209, 291, 73, 130, 52, 212]
R9[100, 32, 191, 280, 77, 85, 202, 8, 43]
R10[35, 294, 388, 233, 222, 10, 352, 44, 215, 254]
R11[286, 17, 203, 302, 389, 321, 260, 121, 382, 221, 33, 245]
R12[22, 111, 338, 250, 84, 324, 377, 205, 144, 229, 18]
R13[125, 9, 204, 88, 49, 47, 310, 236, 37, 177, 219]
R14[38, 359, 287, 248, 105, 313, 206, 348, 350]
R15[172, 152, 175, 169, 89, 96, 262, 279, 55, 146, 137]
R16[99, 126, 345, 378, 367, 265, 264, 296, 237, 325, 282]
R17[173, 272, 337, 154, 58, 74, 60, 21, 274, 115, 51]
R18[344, 271, 5, 332, 314, 235, 183, 16, 304, 261]
R19[2, 207, 63, 312, 220, 168, 57, 218, 309, 346, 186, 117]
R20[394, 29, 157, 28, 335, 392, 375, 147, 299, 133, 158, 306, 275, 136]
R21[14, 391, 357, 354, 124, 256, 75, 40, 199, 86, 132, 24]
R22[109, 251, 343, 110, 69, 370, 68, 208, 305, 122]
R23[322, 301, 252, 336, 11, 210, 174, 297, 349, 187]
R24[268, 159, 141, 342, 83, 239, 290, 71, 67, 255, 153, 184]
R25[323, 201, 178, 156, 358, 371, 257, 64, 15, 12, 103]
R26[230, 95, 113, 167, 225, 162, 320, 165, 241, 326, 92]
R27[387, 166, 276, 97, 62, 102, 50, 42, 307]
R28[360, 351, 288, 341, 94, 277, 145, 128]
R29[356, 91, 66, 7, 45, 243, 90, 140, 185]
R30[231, 319, 267, 119, 363, 4, 27, 368, 48, 80, 227]
R31[112, 82, 149, 76, 179, 373, 247, 369, 114, 6, 400]
R32[390, 347, 376, 134, 266, 138, 317, 216, 98, 34]
R33[330, 223, 318, 242, 104, 295, 244, 196, 269, 365, 70, 160, 188]
R34[170, 384, 20, 334, 315, 61, 189, 366, 171, 380, 106]
R35[190, 293, 93, 198, 19, 193, 273, 3, 143, 118, 372, 383]
R36[328, 249, 79, 379, 163, 181, 399, 72, 397, 355, 284]
R37[107, 270, 87, 214, 327, 139, 129, 253]
------------------------------------------
