 
------------------------------------------
HEURÍSTICA DE CONSTRUCCIÓN: SaveSequential
COSTO TOTAL: 7516.1
TOTAL DE RUTAS: 36
TIEMPO DE EJECUCIÓN: 2016
 
R1[189, 174, 271, 57, 48, 345, 98, 250, 244, 390, 234, 218]
R2[198, 362, 108, 248, 192, 239, 171, 243, 31, 128, 27]
R3[258, 166, 89, 147, 46, 215, 153, 143, 330, 337, 160, 5]
R4[387, 78, 231, 125, 188, 225, 323, 278, 379, 312]
R5[214, 355, 162, 247, 168, 289, 283, 320, 117, 40, 183, 123, 350, 26, 282]
R6[118, 228, 75, 172, 352, 226, 109, 326, 17, 158, 104, 227]
R7[96, 51, 181, 389, 1, 127, 116, 245, 242, 259, 396]
R8[317, 73, 265, 85, 380, 328, 177, 95, 30]
R9[222, 71, 68, 394, 74, 178, 6, 288, 14, 77, 357, 327]
R10[205, 256, 382, 210, 133, 156, 338, 324, 62, 39, 65]
R11[302, 201, 298, 87, 70, 25, 49, 353, 264, 374]
R12[135, 140, 52, 136, 314, 16, 22, 399, 132]
R13[105, 155, 361, 272, 377, 306, 124, 2, 347, 395, 376]
R14[199, 385, 303, 144, 24, 93, 229, 204, 295, 103, 220, 122]
R15[240, 4, 223, 35, 110, 369, 61, 11, 236, 182, 138]
R16[344, 131, 161, 173, 233, 50, 383, 121, 213, 261, 55]
R17[34, 8, 400, 262, 81, 246, 386, 179, 180, 54, 94]
R18[285, 195, 358, 216, 207, 341, 187, 200, 203, 365, 273]
R19[335, 82, 254, 293, 359, 60, 53, 296, 313, 86, 63]
R20[276, 316, 251, 363, 194, 111, 307, 67, 32, 333, 38]
R21[277, 252, 290, 370, 274, 170, 275, 190, 56, 141, 69]
R22[267, 373, 340, 364, 167, 148, 378, 164, 102, 159, 304, 197]
R23[43, 230, 224, 92, 310, 339, 84, 165, 308, 266, 146]
R24[309, 42, 232, 292, 119, 72, 397, 238, 334, 18, 319, 260]
R25[356, 322, 19, 193, 270, 151, 294, 120, 23, 371, 142]
R26[263, 176, 186, 154, 381, 202, 21, 342, 346, 45]
R27[391, 367, 253, 59, 211, 113, 268, 79, 332, 329]
R28[366, 184, 134, 284, 221, 351, 58, 315, 80, 107]
R29[384, 137, 388, 129, 281, 235, 348, 44, 114, 36, 392, 280]
R30[321, 196, 393, 112, 90, 279, 291, 287, 12, 9]
R31[33, 255, 29, 28, 157, 212, 169, 237, 219, 360, 47, 299, 305, 249]
R32[241, 311, 76, 300, 13, 15, 101, 257, 7, 149, 375, 97]
R33[336, 152, 10, 209, 301, 139, 191, 349, 91, 130]
R34[41, 297, 343, 269, 106, 318, 145, 100, 208, 64, 163]
R35[126, 115, 66, 398, 331, 325, 368, 37, 20, 99, 206]
R36[286, 185, 88, 217, 3, 372, 175, 354, 83, 150]
------------------------------------------
