 
------------------------------------------
HEURÍSTICA DE CONSTRUCCIÓN: SaveSequential
COSTO TOTAL: 7622.57
TOTAL DE RUTAS: 36
TIEMPO DE EJECUCIÓN: 1910
 
R1[167, 373, 340, 364, 223, 35, 110, 369, 61, 218, 11]
R2[73, 265, 85, 380, 328, 177, 95, 30, 181]
R3[25, 87, 298, 51, 389, 1, 127, 116, 245, 242]
R4[258, 166, 89, 147, 46, 153, 215, 143, 330, 337, 160, 5]
R5[238, 18, 285, 358, 216, 195, 334, 207, 187]
R6[352, 282, 26, 350, 40, 117, 247, 320, 283, 289, 168, 162, 355, 214, 326]
R7[63, 173, 233, 161, 50, 383, 121, 213, 261, 131]
R8[387, 78, 231, 125, 188, 225, 323, 278, 379, 312]
R9[122, 114, 44, 348, 388, 235, 281, 129, 263, 176, 137, 384]
R10[253, 59, 211, 71, 68, 394, 74, 178, 6, 288, 14, 77]
R11[385, 303, 144, 24, 93, 229, 204, 295, 103, 220, 254]
R12[41, 262, 400, 8, 81, 246, 386, 179, 180, 54, 94]
R13[9, 128, 192, 248, 171, 243, 239, 108, 362, 31, 287, 27]
R14[381, 292, 226, 172, 183, 123, 75, 109, 228, 119, 200, 203, 273]
R15[267, 148, 69, 222, 159, 304, 113, 327, 357, 102, 190]
R16[140, 52, 136, 314, 16, 317, 22, 399, 132, 291]
R17[45, 232, 365, 341, 72, 397, 42, 17, 158, 104, 227, 377]
R18[270, 19, 256, 205, 338, 156, 133, 210, 382, 324, 39]
R19[371, 62, 65, 67, 32, 307, 396, 264, 374, 111, 194]
R20[151, 294, 120, 55, 193, 38, 333, 259, 363, 251, 316, 276, 142]
R21[284, 322, 23, 221, 293, 359, 60, 53, 296, 82, 199]
R22[275, 170, 236, 182, 290, 370, 252, 274, 138, 4, 240]
R23[393, 90, 112, 279, 302, 201, 70, 96, 49, 353]
R24[217, 335, 313, 86, 315, 80, 351, 58, 356, 134, 107]
R25[230, 224, 92, 310, 339, 197, 84, 165, 308, 266, 146]
R26[321, 196, 135, 198, 12, 47, 299, 360]
R27[7, 169, 237, 219, 305, 271, 244, 57, 250, 98, 345, 48, 234]
R28[368, 174, 390, 189, 141, 56, 378, 164, 367, 391]
R29[269, 106, 318, 21, 118, 309, 346, 342, 202, 395]
R30[319, 154, 361, 272, 306, 124, 2, 347, 376, 155, 105]
R31[97, 29, 249, 28, 157, 212, 255, 33, 149, 375, 101, 257, 15]
R32[372, 130, 91, 344, 349, 191, 36, 392, 280, 139, 301]
R33[366, 150, 83, 354, 206, 184, 175, 99, 300, 13, 311]
R34[79, 268, 332, 34, 43, 260, 186, 152, 10, 209, 185]
R35[163, 343, 329, 297, 64, 145, 100, 208, 88, 3, 286, 336]
R36[126, 115, 66, 398, 277, 331, 325, 37, 20, 76, 241]
------------------------------------------
