 
------------------------------------------
HEURÍSTICA DE CONSTRUCCIÓN: CMT
COSTO TOTAL: 9589.98
TOTAL DE RUTAS: 43
TIEMPO DE EJECUCIÓN: 3290
 
R1[137, 384, 281, 263, 176, 129]
R2[83, 354, 150, 366, 206, 184, 99, 175, 3, 88]
R3[149, 375, 97, 76, 15, 13, 300, 257, 7, 101, 311, 241]
R4[182, 290, 61, 11, 218, 236, 369, 110, 35]
R5[20, 37, 126, 115, 331, 368, 325, 398, 66, 277]
R6[201, 70, 25, 87, 298, 49, 96, 353]
R7[220, 93, 24, 229, 103, 295, 204, 122, 303, 144, 385, 335]
R8[310, 92, 332, 224, 400, 262, 339, 230, 260, 319, 43, 41, 34]
R9[275, 240, 4, 56, 170, 252, 370, 274, 141, 138, 190]
R10[258, 166, 89, 147, 153, 5, 160, 143, 330, 337, 215, 46]
R11[361, 272, 306, 124, 227, 104, 158, 377, 347, 2, 395, 376]
R12[154, 105, 155, 381, 186]
R13[223]
R14[364, 340, 373, 367, 378, 391, 164, 148, 167, 267]
R15[344, 349, 392, 191, 36, 280, 139, 130, 91, 301, 372]
R16[30, 177, 95, 328, 85, 380, 265, 73]
R17[16, 314, 136, 52, 291, 132, 22, 399, 317, 279]
R18[179, 180, 386, 379, 312, 246, 81, 84, 54, 197, 94, 231]
R19[275]
R20[364]
R21[348, 235, 388, 44, 114]
R22[47, 12, 305, 9, 299, 360, 198, 140, 219]
R23[165, 308, 266, 146, 268, 79]
R24[329, 297, 106, 269, 343, 163, 318, 145, 100, 64, 208, 336]
R25[29, 33, 255, 157, 249, 28, 212, 169, 237, 393, 196, 321, 90, 112]
R26[107, 134, 356, 58, 351, 80, 209, 284, 315, 217]
R27[232, 365, 203, 341, 273, 183, 228, 123, 119, 200, 187, 75, 42, 72]
R28[151, 294, 221, 23, 324, 205, 55, 270, 193, 19, 322]
R29[342, 202, 118, 346, 309, 17, 21, 162, 168, 289]
R30[310, 8, 18, 238, 216, 334, 207, 397, 195, 225]
R31[264, 259, 242, 181, 51, 389, 1, 116, 127, 396, 245]
R32[394, 74, 178, 6, 288, 68, 14, 357, 77, 327, 188, 278, 323]
R33[98, 345, 48, 271, 57, 244, 250, 174, 234, 189, 390]
R34[302]
R35[192, 248, 239, 243, 171, 31, 362, 108, 128, 287, 27]
R36[121, 50, 383, 161, 131, 261, 293, 359, 254, 82, 213]
R37[275, 222, 69, 159, 102, 304, 211, 71, 113, 59, 253]
R38[374, 78, 125, 358, 285, 40, 283, 320, 117, 350, 26]
R39[355, 326, 214, 247, 352, 282, 226, 172, 109, 292, 45, 387]
R40[156, 133, 382, 210, 338, 256, 233, 173, 60, 199, 296, 86]
R41[194, 363, 276, 316, 251, 111, 142, 135, 286, 185]
R42[67, 65, 39, 62, 32, 307]
R43[333, 120, 63, 53, 313, 38, 10, 152, 371]
------------------------------------------
