 
------------------------------------------
HEURÍSTICA DE CONSTRUCCIÓN: RandomMethod
COSTO TOTAL: 41783.78
TOTAL DE RUTAS: 37
TIEMPO DE EJECUCIÓN: 71
 
R1[115, 173, 44, 376, 239, 309, 93, 163, 225, 291]
R2[305, 107, 206, 22, 126, 303, 343, 331]
R3[125, 30, 371, 254, 265, 64, 176, 12, 38, 124, 215, 327]
R4[149, 390, 323, 191, 141, 8, 53, 137, 193, 160, 128]
R5[55, 162, 272, 329, 23, 202, 235, 39, 349, 296]
R6[313, 154, 277, 260, 382, 379, 109, 170, 165, 312]
R7[209, 26, 200, 66, 139, 306, 339, 187, 232, 120, 184, 1]
R8[177, 233, 157, 108, 144, 171, 123, 6, 322, 121, 389]
R9[114, 332, 74, 43, 63, 263, 256, 175, 70, 143, 212]
R10[179, 42, 373, 131, 293, 198, 274, 368, 318]
R11[211, 195, 91, 178, 213, 226, 152, 46, 221, 288]
R12[113, 338, 138, 344, 18, 29, 395, 118, 148, 267]
R13[97, 112, 328, 310, 237, 90, 183, 264, 15, 145, 73, 300]
R14[378, 103, 207, 346, 292, 17, 246, 319, 161, 140]
R15[387, 317, 224, 50, 360, 76, 357, 208, 104, 99, 253]
R16[350, 186, 345, 240, 228, 278, 271, 92, 111, 244, 367]
R17[110, 169, 347, 32, 234, 335, 218, 321, 270, 281, 365]
R18[201, 302, 135, 398, 34, 289, 31, 396, 20, 297]
R19[388, 117, 294, 279, 86, 41, 164, 133, 106, 285, 262, 81]
R20[273, 88, 56, 393, 391, 100, 282, 136, 47, 304, 79, 220, 36]
R21[348, 314, 25, 249, 326, 5, 150, 67, 219, 394, 369, 340]
R22[156, 129, 295, 189, 35, 397, 196, 77, 130, 116]
R23[60, 9, 105, 192, 65, 84, 197, 96, 400, 185, 380, 85]
R24[386, 266, 257, 375, 247, 45, 252, 359, 188, 48, 40, 122, 147]
R25[89, 51, 287, 342, 284, 230, 214, 361, 353]
R26[229, 258, 2, 172, 71, 290, 7, 37, 259, 146]
R27[352, 167, 223, 19, 94, 392, 3, 80, 280, 153, 59, 374, 13]
R28[204, 251, 356, 11, 24, 68, 49, 62, 366, 231]
R29[337, 33, 311, 383, 372, 316, 298, 363, 238, 168, 182, 102]
R30[151, 87, 158, 355, 333, 351, 269, 358, 307, 174, 210, 381, 336]
R31[286, 261, 134, 142, 205, 330, 72, 320, 52]
R32[98, 181, 194, 58, 57, 377, 364, 268, 166, 315, 119, 241, 385, 334]
R33[95, 4, 14, 27, 217, 250, 127, 82, 75, 324]
R34[21, 283, 301, 276, 28, 325, 370, 180, 227, 354]
R35[78, 83, 236, 61, 199, 54, 222, 216]
R36[69, 384, 16, 299, 243, 190, 132, 10, 101, 159]
R37[308, 341, 248, 255, 399, 275, 242, 155, 203, 362, 245]
------------------------------------------
