 
------------------------------------------
HEURÍSTICA DE CONSTRUCCIÓN: SaveSequential
COSTO TOTAL: 7658.37
TOTAL DE RUTAS: 36
TIEMPO DE EJECUCIÓN: 1852
 
R1[205, 256, 382, 210, 133, 156, 338, 324, 62, 39, 65]
R2[189, 174, 271, 390, 244, 250, 57, 48, 345, 98, 234, 218]
R3[107, 23, 333, 32, 67, 245, 127, 1, 389, 181]
R4[319, 188, 231, 125, 225, 323, 278, 78, 387, 379]
R5[251, 363, 194, 111, 374, 307, 396, 264, 242, 116, 51, 259]
R6[322, 19, 55, 233, 173, 161, 50, 383, 121, 213, 131]
R7[5, 160, 337, 330, 143, 215, 153, 46, 147, 89, 166, 258]
R8[292, 352, 40, 117, 320, 283, 289, 168, 247, 162, 355, 214, 326, 282, 350]
R9[122, 220, 103, 295, 204, 229, 93, 24, 144, 303, 385, 199]
R10[186, 17, 158, 104, 227, 26, 183, 123, 75, 172, 109, 226, 187]
R11[327, 357, 77, 178, 74, 6, 394, 68, 14, 288, 113, 71]
R12[150, 354, 206, 184, 316, 276, 142, 38, 371, 193, 270]
R13[265, 380, 132, 399, 22, 317, 314, 136, 52, 16, 291]
R14[342, 228, 119, 200, 203, 365, 273, 341, 207, 72, 397]
R15[90, 279, 140, 243, 171, 239, 192, 248, 108, 362, 31, 128]
R16[151, 294, 120, 63, 261, 254, 293, 359, 60, 53, 296]
R17[310, 339, 81, 312, 386, 179, 180, 54, 94, 84, 246, 197]
R18[28, 198, 287, 27, 12, 9, 47, 299, 219, 393]
R19[298, 30, 95, 177, 328, 85, 73]
R20[366, 83, 49, 96, 87, 70, 201, 25, 353]
R21[13, 321, 196, 112, 135, 360, 305, 237, 169, 212, 157]
R22[58, 284, 221, 313, 82, 335, 86, 129, 281, 263, 176, 137, 384]
R23[370, 290, 182, 61, 35, 110, 369, 11, 236, 138]
R24[275, 170, 223, 69, 222, 159, 304, 211, 59, 102, 253]
R25[64, 145, 318, 216, 358, 195, 285, 18, 334]
R26[375, 33, 255, 29, 249, 302, 134, 356, 351, 315, 80, 191, 36]
R27[56, 141, 252, 274, 4, 190, 240, 340, 364, 373, 167, 148, 164]
R28[336, 44, 388, 235, 348, 114, 124, 377, 306, 272, 2]
R29[381, 154, 361, 347, 376, 105, 155, 395, 232, 42, 238]
R30[152, 10, 209, 280, 392, 139, 349, 344, 91, 130]
R31[34, 262, 400, 8, 260, 45, 346, 21, 118, 309, 202]
R32[217, 301, 372, 175, 99, 300, 257, 7, 149, 101, 15, 311]
R33[126, 66, 398, 277, 331, 267, 367, 378, 391]
R34[325, 368, 37, 241, 97, 76, 3, 88, 185, 286]
R35[79, 268, 146, 308, 165, 266, 92, 224, 230, 43, 332]
R36[163, 343, 269, 208, 100, 106, 329, 297, 41, 115, 20]
------------------------------------------
