 
------------------------------------------
HEURÍSTICA DE CONSTRUCCIÓN: CMT
COSTO TOTAL: 9818.45
TOTAL DE RUTAS: 45
TIEMPO DE EJECUCIÓN: 3232
 
R1[396, 245, 127, 181, 389, 1, 116, 242, 259, 51, 380]
R2[348, 114, 44, 235, 388, 137, 384]
R3[57, 250, 48, 345, 98, 234]
R4[20, 115, 126, 331, 398, 66, 368, 325, 277, 37]
R5[370, 252, 141, 56, 240, 275, 274, 138, 170, 4, 190]
R6[82, 199, 296, 313, 335, 86, 53, 359, 385, 254, 293, 60]
R7[244, 271, 390, 174, 189]
R8[72, 397, 207, 42, 273, 216, 195, 285, 358, 334]
R9[194, 363, 264, 307, 374, 111, 333, 177]
R10[330, 215, 153, 147, 89, 166, 143, 337, 160, 46, 258, 5]
R11[312, 379, 386, 78, 231, 278, 125, 188, 323, 225]
R12[62, 210, 133, 338, 156, 39, 32, 65, 67, 382, 324]
R13[100, 64, 209, 88, 185, 10, 152, 208, 336, 286, 269]
R14[58, 284, 23, 221, 80, 315, 351, 107, 134, 356]
R15[176, 263, 281, 129]
R16[7, 255, 33, 29, 101]
R17[149, 97, 375]
R18[248, 128, 192, 239, 171, 243, 108, 362]
R19[81, 387, 246, 197]
R20[6, 178, 74, 77, 357, 327, 288, 14, 394, 68, 113]
R21[139, 301, 280, 392, 36, 191, 91, 130, 372, 349, 344]
R22[318, 145, 297, 329, 106, 343, 163]
R23[117, 282, 228, 203, 200, 341, 365, 187, 350, 26, 75, 183, 123, 119]
R24[161, 383, 50, 173, 233, 256, 121, 205]
R25[15, 257, 354, 83, 150, 300, 241, 311, 76, 366, 13, 3, 217]
R26[92, 310, 339, 332, 266]
R27[283, 289, 168, 158, 162, 214, 320, 247, 355, 40, 352, 172, 104]
R28[12, 47, 299, 9, 305, 360, 249, 28, 157, 212, 169, 237]
R29[276, 316, 251, 298, 87, 70, 142, 49, 96, 25, 201]
R30[146, 79, 268, 308, 165]
R31[236, 61, 218, 11, 35, 110, 369, 182, 290, 223]
R32[31, 287, 27, 140, 52, 135, 198, 136]
R33[69, 222, 102, 159, 304, 71, 211, 59, 253, 340, 364, 167]
R34[84, 179, 180, 54, 94, 148, 378, 164, 373, 367]
R35[361, 326, 17, 292, 109, 226, 155, 272, 395, 105, 227]
R36[103, 295, 204, 220, 93, 24, 229, 122, 124, 377, 306, 2]
R37[43, 230, 224, 41, 260, 319, 262, 400, 8, 34, 18, 238, 232]
R38[63, 267, 291, 132, 16, 314, 22, 317, 399, 265]
R39[381, 202, 342, 45, 346, 309, 118, 186, 154, 21]
R40[213, 261, 131, 303, 144]
R41[347, 376]
R42[151, 294, 120, 55, 270, 193, 19, 322, 371, 38]
R43[196, 391, 73, 85, 328, 95, 30, 302, 279]
R44[90, 393, 112, 219, 321, 353]
R45[206, 184, 99, 175]
------------------------------------------
