 
------------------------------------------
HEURÍSTICA DE CONSTRUCCIÓN: CMT
COSTO TOTAL: 10024.92
TOTAL DE RUTAS: 47
TIEMPO DE EJECUCIÓN: 3420
 
R1[347, 2, 306, 377, 124, 376, 395, 272]
R2[8, 319, 260, 43, 230, 34, 400, 41]
R3[266, 92, 310, 332, 146]
R4[255, 169, 212, 157, 360, 299, 305, 237, 28, 249, 29, 33]
R5[112, 393, 90, 196, 219, 135, 198, 12, 140]
R6[184]
R7[22, 16, 314, 136, 171, 52, 291, 132, 399, 279]
R8[346, 45, 342, 309, 118, 21, 238, 202, 381, 186]
R9[336, 286]
R10[326, 17, 226, 232, 42, 334, 397, 72, 292, 119, 203, 365, 273]
R11[35, 223, 110, 236]
R12[373, 364, 340, 267]
R13[10, 185, 209, 152, 88, 217]
R14[355, 117, 40, 352, 214, 247, 320, 289, 168, 283, 162, 282, 350, 26, 183]
R15[184, 99, 83, 150, 354, 206, 175, 3, 372, 91, 366]
R16[277, 66, 398, 331]
R17[296, 82, 199, 385, 303, 144, 295, 103, 220, 122, 204]
R18[369, 61, 11, 218, 182, 290]
R19[325, 368, 115, 126, 20, 37]
R20[361, 228, 187, 200, 123, 75, 172, 109, 155, 104, 158]
R21[63, 120, 270, 55, 151, 294, 213, 261, 50, 121, 193]
R22[386, 54, 94, 180]
R23[141, 252, 370]
R24[78, 278, 323, 225, 125, 188, 231, 285, 358, 195]
R25[250, 48, 57, 345, 98, 244, 271, 390, 174, 189, 234, 192]
R26[329, 318, 100, 64, 208, 145, 106, 269, 343, 297, 163]
R27[259, 242, 127, 1, 116, 181, 51, 389, 245, 65]
R28[114, 44, 105, 227, 384, 137, 348, 388, 263, 176, 281]
R29[95, 328, 85, 265, 380, 177, 317, 73, 30]
R30[262, 18, 216, 207, 341, 154, 224, 339]
R31[288, 178, 327, 357, 77, 6, 14, 253, 113, 74, 102]
R32[165, 308, 79, 268]
R33[275, 274, 138, 170, 4, 56, 240, 190]
R34[53, 215, 153, 46, 147, 89, 166, 143, 330, 337, 160, 5]
R35[81, 387, 379, 312, 246, 197, 84, 179]
R36[149, 375, 101, 300, 13, 15, 257, 7, 97, 311, 76, 241]
R37[68, 394, 71, 211, 59, 304, 159, 222, 69]
R38[251, 363, 32, 39, 62, 374, 111, 67, 307, 264, 194, 316]
R39[167, 156, 133, 210, 382, 338, 24, 233, 229, 258, 93, 256]
R40[321, 27, 287, 128, 108, 248, 362, 243, 239, 31, 47]
R41[38, 205, 324, 333, 142, 371, 276, 396, 298, 49, 87]
R42[86, 335, 235, 129]
R43[134, 353, 96, 25, 70, 201, 302, 23, 107]
R44[313, 359, 293, 60, 254, 161, 173, 383, 131, 19, 221]
R45[280, 301, 391, 367, 378, 164, 148, 139, 392]
R46[36, 9, 322, 284, 351, 58, 356, 315, 80, 344, 130]
R47[191, 349]
------------------------------------------
