 
------------------------------------------
HEURÍSTICA DE CONSTRUCCIÓN: SaveSequential
COSTO TOTAL: 7679.42
TOTAL DE RUTAS: 36
TIEMPO DE EJECUCIÓN: 2003
 
R1[182, 236, 218, 11, 61, 369, 110, 35, 223, 340, 364]
R2[5, 160, 337, 330, 143, 215, 153, 46, 147, 89, 166, 258]
R3[107, 210, 133, 156, 382, 338, 256, 205, 324, 62, 39]
R4[169, 140, 52, 136, 314, 16, 317, 22, 132, 399, 380, 265]
R5[336, 263, 176, 129, 281, 235, 388, 137, 384, 44, 348, 114]
R6[363, 67, 65, 245, 127, 1, 389, 181, 116, 51, 396]
R7[365, 187, 200, 123, 183, 40, 117, 320, 283, 289, 168, 247, 162, 355]
R8[397, 341, 207, 273, 203, 119, 228, 75, 350, 26, 282, 352, 214, 326]
R9[138, 234, 390, 271, 244, 57, 48, 345, 98, 250, 174, 189]
R10[150, 354, 242, 259, 264, 307, 32, 374, 111, 194, 333]
R11[199, 385, 303, 144, 24, 93, 229, 204, 295, 103, 220, 122]
R12[327, 357, 77, 6, 178, 74, 394, 68, 14, 288, 113, 71]
R13[298, 30, 95, 177, 328, 85, 73]
R14[63, 213, 121, 50, 173, 233, 161, 383, 261, 131]
R15[225, 125, 231, 188, 78, 278, 323, 387, 379, 312]
R16[237, 219, 243, 171, 239, 192, 248, 108, 362, 31, 128, 287, 393]
R17[276, 316, 251, 49, 353, 96, 25, 70, 87, 201, 302]
R18[249, 360, 47, 12, 27, 291, 279, 112, 90, 196]
R19[335, 82, 296, 359, 254, 293, 60, 53, 313, 86, 120, 55]
R20[280, 36, 392, 191, 294, 19, 193, 270, 151, 322, 23, 371]
R21[381, 292, 109, 172, 226, 17, 158, 104, 227, 377, 306, 124]
R22[126, 66, 252, 290, 370, 274, 170, 4, 190, 275, 56, 141]
R23[88, 209, 301, 139, 349, 344, 221, 284, 58, 351, 315, 80]
R24[69, 222, 159, 304, 211, 59, 102, 253, 94, 54, 180]
R25[212, 157, 198, 135, 321, 9, 299, 305, 28]
R26[118, 21, 232, 42, 72, 216, 358, 195, 285, 18]
R27[300, 13, 15, 101, 257, 7, 255, 29, 33, 149, 375, 97, 311]
R28[347, 2, 372, 130, 91, 356, 134, 38, 142, 184]
R29[339, 197, 84, 179, 386, 246, 81, 262, 400, 8, 319, 260]
R30[318, 334, 238, 105, 155, 395, 361, 272, 376]
R31[286, 185, 10, 152, 154, 186, 202, 309, 346]
R32[217, 3, 175, 206, 99, 83, 366, 76, 241, 37]
R33[41, 224, 34, 230, 43, 92, 310, 266, 165, 308, 146]
R34[325, 277, 240, 373, 167, 148, 378, 164, 367, 267]
R35[64, 208, 100, 106, 145, 342, 45, 297, 329, 343, 269]
R36[163, 332, 79, 268, 391, 398, 331, 368, 20, 115]
------------------------------------------
