 
------------------------------------------
HEURÍSTICA DE CONSTRUCCIÓN: RandomMethod
COSTO TOTAL: 42637.66
TOTAL DE RUTAS: 38
TIEMPO DE EJECUCIÓN: 43
 
R1[208, 62, 361, 26, 31, 251, 394, 364, 374, 365, 349, 187, 108, 205]
R2[48, 169, 399, 164, 331, 314, 37, 212, 343, 211, 288]
R3[76, 242, 124, 202, 397, 134, 237, 39, 258, 151]
R4[236, 332, 190, 279, 264, 338, 144, 324, 65, 43, 197, 207, 98]
R5[243, 216, 135, 6, 107, 389, 245, 61, 96]
R6[73, 317, 378, 179, 328, 259, 145, 257, 191, 192]
R7[200, 260, 294, 357, 254, 113, 5, 46, 224, 165]
R8[101, 358, 118, 392, 350, 116, 341, 173, 306, 170]
R9[22, 373, 327, 53, 189, 250, 27, 51, 319, 239, 395]
R10[40, 379, 268, 147, 115, 198, 109, 123, 32, 178]
R11[367, 33, 154, 50, 353, 42, 320, 346, 36, 184, 284]
R12[385, 195, 227, 56, 334, 125, 225, 359, 271, 111, 351]
R13[41, 30, 386, 372, 67, 45, 24, 81, 171, 356]
R14[85, 157, 70, 72, 300, 285, 206, 132, 384, 230, 188, 330]
R15[163, 234, 130, 281, 93, 201, 220, 256]
R16[376, 121, 149, 362, 52, 382, 286, 354, 226, 100, 13]
R17[174, 110, 292, 297, 58, 18, 196, 77, 155, 231, 347]
R18[370, 175, 181, 253, 186, 86, 296, 29, 255, 287, 261]
R19[182, 214, 342, 233, 176, 104, 49, 337, 127]
R20[228, 12, 270, 247, 9, 180, 277, 387, 90]
R21[78, 240, 283, 290, 393, 69, 193, 2, 38, 128]
R22[112, 64, 217, 105, 303, 273, 75, 333, 336, 269, 235, 203]
R23[126, 352, 366, 262, 140, 307, 304, 265, 323, 83, 82]
R24[21, 309, 316, 266, 146, 210, 375, 377, 348]
R25[278, 14, 313, 213, 16, 223, 396, 249, 183, 326, 25]
R26[293, 221, 363, 368, 272, 391, 44, 238, 295, 142, 311]
R27[3, 1, 129, 400, 143, 119, 158, 20, 28, 263, 329, 7, 102]
R28[345, 168, 139, 87, 339, 54, 267, 232, 117, 222]
R29[120, 122, 194, 185, 204, 381, 34, 74, 159, 60, 141, 92]
R30[99, 321, 344, 340, 153, 248, 4, 68, 71, 152, 298, 335]
R31[161, 315, 8, 302, 131, 17, 66, 63, 241, 137, 209, 89]
R32[138, 23, 97, 150, 136, 380, 215, 371, 160, 369, 91]
R33[177, 275, 95, 156, 246, 114, 35, 79, 318, 312]
R34[19, 88, 280, 325, 172, 301, 133, 305, 57, 84, 299]
R35[388, 11, 59, 355, 166, 94, 15, 310, 148, 282, 55]
R36[360, 383, 218, 229, 162, 106, 390, 103, 252]
R37[291, 276, 80, 322, 199, 274, 47, 167, 289, 308]
R38[10, 219, 244, 398]
------------------------------------------
