 
------------------------------------------
HEURÍSTICA DE CONSTRUCCIÓN: NearestNeighborWithRLC
COSTO TOTAL: 28436.8
TOTAL DE RUTAS: 38
TIEMPO DE EJECUCIÓN: 1339
 
R1[398, 399, 393, 400, 394, 397, 396, 374, 389, 181, 1, 385, 395, 376]
R2[347, 392, 372, 388, 391, 390, 387, 2, 381, 384, 348]
R3[386, 379, 3, 4, 378, 375, 382, 380, 5, 377]
R4[368, 331, 325, 311, 257, 373, 370, 369, 6, 364]
R5[7, 371, 383, 366, 360, 362, 367, 8, 365, 363]
R6[361, 9, 305, 299, 47, 354, 336, 286, 88, 217, 356]
R7[10, 353, 351, 344, 359, 358, 355, 352, 357, 343]
R8[349, 350, 341, 339, 11, 345, 340, 327, 288, 14]
R9[334, 346, 13, 15, 321, 279, 291, 342, 12]
R10[287, 248, 243, 239, 198, 335, 338, 333, 17, 330]
R11[337, 326, 329, 319, 323, 332, 320, 322, 328, 317, 316, 324]
R12[315, 301, 318, 312, 313, 303, 309, 306, 314, 16]
R13[307, 276, 302, 19, 20, 310, 18, 285, 304, 308, 21]
R14[297, 300, 298, 265, 296, 293, 261, 294, 295, 284, 280]
R15[221, 151, 281, 292, 282, 278, 283, 289, 272, 273, 290]
R16[277, 22, 264, 270, 256, 24, 269, 267, 274]
R17[271, 255, 249, 23, 25, 275, 27, 237, 212, 169, 157, 28, 241, 206]
R18[209, 268, 266, 263, 262, 26, 30, 251, 29, 219, 196]
R19[135, 259, 254, 235, 258, 260, 31, 192, 252, 33]
R20[253, 250, 244, 240, 236, 234, 218, 182, 110, 230, 246, 224, 238, 233]
R21[247, 229, 245, 242, 127, 34, 232, 228, 231, 225, 222]
R22[227, 32, 226, 36, 213, 220, 210, 205, 215]
R23[216, 37, 35, 39, 208, 202, 40, 214, 203, 200, 187, 119, 72]
R24[211, 197, 207, 42, 195, 204, 201, 194, 41, 43]
R25[188, 180, 179, 178, 223, 190, 189, 191, 44, 176, 160, 166]
R26[153, 186, 199, 175, 45, 185, 193, 184, 177, 174]
R27[171, 140, 173, 38, 183, 168, 46, 172, 170, 48, 167]
R28[164, 49, 96, 156, 142, 133, 51, 134, 161, 163]
R29[165, 158, 50, 162, 53, 155, 159, 52, 55, 152, 56]
R30[149, 150, 154, 146, 148, 57, 138, 145, 54, 58, 147, 143]
R31[137, 129, 59, 144, 139, 131, 141, 60, 86, 82, 130, 126, 61]
R32[132, 136, 63, 122, 62, 121, 64, 118, 125, 128]
R33[116, 67, 65, 124, 120, 123, 66, 68, 77, 74]
R34[113, 117, 69, 112, 115, 70, 87, 73, 114, 75, 106]
R35[109, 107, 108, 111, 103, 105, 100, 101, 102, 94]
R36[97, 71, 92, 81, 78, 104, 91, 99]
R37[76, 83, 79, 90, 98, 95, 85, 80, 93, 84]
R38[89]
------------------------------------------
